# Coastline segments for fractal box-counting analysis
# Format: x1 y1 x2 y2
# Source: Natural Earth coastline data
# Number of segments: 2000
# Total length: 302.27 degrees
# Bounds: X=[-17.3458, 180.0000], Y=[-34.7566, 77.6411]
#
-3.988477 57.581250 -3.868164 57.600342
-3.083936 57.673486 -3.036035 57.672314
-1.961523 57.676660 -1.867383 57.612354
-2.020312 57.258887 -2.045508 57.208545
-2.500977 56.636572 -2.592676 56.561572
-3.214453 56.383936 -3.309961 56.363477
-2.674268 56.253418 -2.767578 56.202148
-3.480420 56.032812 -3.695117 56.063330
-3.015088 55.958594 -2.836865 56.026270
-1.728760 55.618555 -1.655371 55.570361
-1.291748 54.773877 -1.232422 54.703711
-0.370361 54.279199 -0.232861 54.190137
-0.108252 53.865186 0.010547 53.742822
-0.073730 53.643652 -0.173828 53.685449
-0.485059 53.694385 -0.293701 53.692334
0.208203 53.030029 0.124414 52.971582
0.431641 52.858154 0.515527 52.938379
1.055566 52.958984 1.271289 52.924561
1.746582 52.468994 1.700391 52.368896
1.558984 52.086865 1.413477 51.994775
1.273828 51.902100 1.274414 51.845361
0.898047 51.689404 0.927441 51.646631
0.507227 51.501074 0.424512 51.465625
0.889355 51.359521 1.014941 51.359717
1.397559 51.182031 1.365527 51.155469
0.684375 50.885547 0.532324 50.853418
-0.450781 50.810156 -0.785254 50.765430
-1.416455 50.896875 -1.334473 50.820801
-1.866016 50.715234 -2.031055 50.725391
-2.350146 50.637402 -2.394678 50.630908
-2.900879 50.722412 -2.999414 50.716602
-3.679785 50.239941 -3.793359 50.229248
-4.217285 50.378174 -4.296973 50.359082
-5.009521 50.160742 -5.048633 50.134375
-5.551221 50.083398 -5.622119 50.050684
-5.141797 50.373730 -5.043457 50.451514
-4.582910 50.776367 -4.559961 50.820947
-4.188184 51.188525 -4.158398 51.201318
-3.135986 51.205029 -3.042041 51.248584
-2.433057 51.740723 -2.539355 51.695215
-3.258789 51.398486 -3.293115 51.390430
-3.998340 51.582129 -4.115283 51.566406
-4.327637 51.700244 -4.386279 51.741064
-5.124756 51.705859 -5.168359 51.740723
-5.088086 51.995898 -4.878516 52.041846
-4.099756 52.393115 -4.050537 52.475146
-4.070703 52.658838 -4.039258 52.704053
-4.229150 52.912842 -4.356445 52.897412
-4.638330 52.891113 -4.525684 52.958203
-4.111035 53.218945 -3.809277 53.302686
-3.326172 53.347168 -3.097559 53.260303
-2.749512 53.310205 -2.793750 53.330713
-3.059473 53.586230 -2.995703 53.662549
-3.026758 53.905908 -2.899854 53.960693
-3.054736 54.153418 -3.109668 54.126318
-3.569385 54.467578 -3.592041 54.564355
-3.434082 54.963770 -3.550439 54.947412
-3.898584 54.805078 -3.957910 54.780957
-4.253418 54.846777 -4.303662 54.835693
-4.851709 54.825293 -4.889502 54.772266
-5.172705 54.985889 -5.116699 55.012256
-4.676758 55.501318 -4.684375 55.553906
-4.826074 55.929541 -4.806836 55.940137
-4.800293 56.158350 -4.819141 56.150488
-5.092822 55.987305 -5.114990 55.944629
-5.245605 55.929248 -5.247314 56.000391
-5.282324 56.089941 -5.383447 56.019238
-5.385840 55.770117 -5.556445 55.389600
-5.768213 55.362646 -5.767871 55.394971
-5.504492 55.802393 -5.506934 55.807715
-5.555273 56.134961 -5.534961 56.250830
-5.312695 56.618799 -5.242578 56.686865
-5.772803 56.541016 -5.864844 56.561865
-6.133691 56.706689 -6.132764 56.718018
-5.850391 56.918408 -5.736279 56.960645
-5.794922 57.378809 -5.818066 57.436084
-5.678760 57.571680 -5.714941 57.601074
-5.608350 57.881348 -5.349023 57.878076
-5.393750 58.043604 -5.413184 58.069727
-5.269531 58.251416 -5.059961 58.250146
-5.078711 58.419287 -5.076025 58.489258
-4.809619 58.572900 -4.765771 58.554199
-4.491895 58.568457 -4.433252 58.512842
-3.259131 58.650000 -3.053076 58.634814
-3.112891 58.408887 -3.136768 58.378320
-4.019629 57.914258 -4.035596 57.852002
-4.134521 57.577734 -3.988477 57.581250
-10.120752 51.600684 -10.069434 51.655566
-9.598828 51.874414 -10.084229 51.770996
-10.231592 51.974512 -10.145850 52.020020
-10.249512 52.125732 -10.390234 52.134912
-10.132080 52.282080 -10.061768 52.275928
-9.853223 52.375488 -9.906055 52.403711
-9.331250 52.578760 -9.056152 52.621143
-9.175391 52.634912 -9.394238 52.617090
-9.764355 52.579980 -9.916602 52.569727
-9.415723 52.928760 -9.461963 52.947266
-9.027441 53.153174 -8.997168 53.162061
-9.514209 53.238232 -9.555176 53.252051
-9.774072 53.318848 -9.825391 53.320361
-10.003906 53.397021 -10.091260 53.412842
-10.061719 53.567822 -10.001367 53.561426
-9.912305 53.695117 -9.901611 53.727197
-9.747510 53.891016 -9.914062 53.863721
-9.934473 54.075244 -9.943604 54.141602
-9.995947 54.276025 -9.935937 54.268115
-9.145898 54.209619 -9.102100 54.225537
-8.545557 54.241211 -8.568457 54.303613
-8.286523 54.484863 -8.230371 54.507275
-8.763916 54.681201 -8.715186 54.732031
-8.377295 54.889453 -8.411719 54.965088
-8.137695 55.159912 -8.006104 55.195312
-7.667090 55.256494 -7.629785 55.243994
-7.634277 55.054980 -7.589844 55.025049
-7.501953 55.144727 -7.531445 55.193848
-7.308789 55.365820 -7.246680 55.353027
-7.172852 55.137012 -7.218652 55.091992
-6.888965 55.188916 -6.824854 55.180664
-6.234229 55.216846 -6.129150 55.217383
-5.710742 54.757080 -5.765186 54.724658
-5.582520 54.663428 -5.527930 54.619629
-5.568555 54.512598 -5.615967 54.536719
-5.557812 54.370996 -5.606787 54.272559
-5.937744 54.089062 -6.019043 54.051270
-6.230664 54.003613 -6.307617 54.011035
-6.229004 53.745703 -6.194873 53.640869
-6.151660 53.366406 -6.134717 53.301221
-6.071484 52.865625 -6.130664 52.807275
-6.399951 52.366943 -6.463184 52.345361
-6.782227 52.210498 -6.859717 52.178564
-7.081787 52.139307 -7.216211 52.144971
-7.624902 51.993115 -7.664551 51.979736
-8.145020 51.813525 -8.222461 51.854004
-8.347363 51.847705 -8.335596 51.792969
-8.734473 51.636182 -8.813428 51.584912
-9.534863 51.522168 -9.737305 51.473730
-4.392285 54.225391 -4.337988 54.269092
-4.614844 54.266943 -4.698730 54.224902
-4.614258 54.058691 -4.412061 54.185352
-6.483691 56.665771 -6.506055 56.672363
-5.318115 55.709180 -5.345703 55.690723
-5.231494 55.448096 -5.105420 55.448828
-6.102734 56.645654 -6.138281 56.649854
-6.310645 56.552148 -6.138867 56.490625
-6.176172 56.288721 -5.777881 56.344336
-6.311279 55.856494 -6.344141 55.873730
-6.466455 55.768994 -6.495654 55.711572
-6.286426 55.772510 -6.302051 55.728369
-6.088379 55.657520 -6.055322 55.695312
-5.970312 55.992188 -5.911768 55.974756
-6.041553 55.806787 -5.990918 55.803809
-5.799609 56.108789 -5.939062 56.045264
-3.278809 58.781934 -3.222119 58.780957
-3.227637 58.857178 -3.271924 58.905273
-4.471973 53.176367 -4.418848 53.178027
-4.049365 53.305762 -4.154883 53.302832
-2.929395 58.741602 -2.913086 58.799609
-2.994678 59.005566 -3.070703 59.004980
-3.156494 59.136328 -3.248584 59.143945
-3.331641 58.971240 -3.304346 58.967432
-3.200781 58.925293 -3.166602 58.919092
-2.762451 58.955811 -2.817920 58.981885
-6.402441 58.041357 -6.403369 58.075879
-6.375586 58.184570 -6.325830 58.188867
-6.297168 58.486621 -6.544189 58.383154
-6.726465 58.189404 -6.812305 58.196094
-7.044922 58.201562 -7.085254 58.182178
-7.016895 58.054785 -6.985303 58.050488
-6.856836 57.923535 -6.944141 57.893652
-6.956934 57.750049 -6.910352 57.773389
-6.279053 56.964697 -6.260547 56.985254
-6.322705 57.202490 -6.266113 57.184326
-5.987305 57.044434 -5.949072 57.045166
-5.672461 57.252686 -5.706006 57.268945
-6.140820 57.353662 -6.163770 57.408838
-6.305957 57.671973 -6.357666 57.666797
-6.583008 57.507129 -6.605859 57.490674
-6.741309 57.412451 -6.675439 57.362891
-7.391895 57.645215 -7.440039 57.656396
-7.320557 57.533740 -7.182617 57.533301
-7.422363 57.229346 -7.415918 57.192139
-7.249854 57.115332 -7.247559 57.126367
-7.504785 56.951660 -7.416895 56.965430
-1.385840 50.733545 -1.515674 50.703320
-1.196094 50.599219 -1.175830 50.615234
54.685059 40.873047 54.657031 40.858350
54.377344 40.693262 54.329883 40.688770
53.763770 40.665674 53.693750 40.746436
53.191992 40.809473 53.145215 40.824951
52.849902 40.685645 52.784766 40.546729
52.898242 39.912500 52.964844 39.833887
53.288574 39.958008 53.404199 39.960352
53.472266 39.668799 53.533301 39.641748
53.304980 39.557080 53.235645 39.608545
53.266797 39.342627 53.336328 39.340820
53.709766 39.153418 53.724121 39.103076
53.851562 38.621777 53.840039 38.514941
53.847852 37.669580 53.897852 37.413574
54.016211 36.849658 53.970117 36.818311
53.827441 36.881201 53.915430 36.930322
51.118555 36.742578 50.927441 36.810205
50.130469 37.407129 49.980664 37.444873
49.080957 37.667578 49.015332 37.776074
48.868750 38.435498 48.850879 38.815332
49.111328 39.084717 49.108691 39.029053
49.321191 39.328906 49.362793 39.349561
49.477344 40.087256 49.551172 40.194141
50.365918 40.279492 50.306836 40.412207
49.851758 40.577197 49.775977 40.583984
49.226465 41.026221 49.174707 41.116113
48.664648 41.786621 48.572852 41.844482
48.228613 42.180957 48.080176 42.353711
47.634863 42.903467 47.529004 42.967139
47.489844 43.381689 47.508984 43.509717
47.462793 43.555029 47.429199 43.779883
47.023633 44.343262 46.915723 44.387158
46.755273 44.656543 46.841211 44.718262
47.083789 44.816992 47.114746 44.905957
47.351270 45.217725 47.391113 45.294775
47.529492 45.530225 47.524219 45.601709
47.633301 45.584033 47.649805 45.656738
48.159180 45.737012 48.257617 45.777783
48.689648 45.888867 48.729590 45.896826
48.742578 46.100732 48.809961 46.100488
49.232227 46.337158 49.205664 46.385693
49.437207 46.537256 49.584375 46.545215
50.101562 46.696436 50.306250 46.794922
50.582910 46.882275 50.679883 46.938721
51.615234 47.029932 51.650098 47.018066
52.138281 46.828613 52.188770 46.839502
52.677637 46.957129 52.916016 46.954395
53.132422 46.608350 53.078516 46.547461
52.887500 45.779541 52.773828 45.572754
52.910742 45.319727 52.771973 45.343506
51.539648 45.342871 51.415723 45.357861
51.040332 44.980322 51.009375 44.921826
51.310254 44.618750 51.366309 44.599854
51.310742 44.532422 51.177148 44.501367
50.409473 44.624023 50.297461 44.581543
50.331152 44.325488 50.471777 44.294775
51.064844 43.750146 51.139648 43.648779
51.313379 43.355664 51.292383 43.230713
51.700391 43.104053 51.785156 43.004346
52.018555 42.860547 52.075586 42.879785
52.493945 42.820264 52.550000 42.805469
52.573242 42.330859 52.517188 42.237158
52.609375 41.529443 52.747266 41.365430
52.882227 41.613672 52.883496 41.652539
53.164160 42.093799 53.284961 42.081836
53.846484 42.091162 53.953809 41.868457
54.284570 41.363721 54.592188 41.193555
180.000000 68.983447 179.868262 69.012695
178.848340 69.387207 178.442773 69.452979
176.107520 69.860303 175.921484 69.895313
174.319434 69.881641 173.948047 69.874121
173.056348 69.864941 172.869238 69.919775
170.486816 70.107568 170.525391 69.937891
170.582227 69.583350 170.714160 69.388232
170.065625 68.798682 169.609863 68.786035
168.423047 69.239502 168.303027 69.271484
167.856836 69.728223 167.628125 69.740332
165.760742 69.584424 164.513281 69.609131
163.201367 69.714746 162.944629 69.682764
161.536914 69.379541 161.480078 69.300098
161.365137 68.822998 161.230176 68.653906
161.340625 68.905176 161.309863 68.982275
160.910742 69.606348 160.739453 69.655176
159.831445 70.081445 159.889648 70.158789
159.804688 70.604932 159.727930 70.649658
156.684570 71.093750 155.895215 71.095508
153.460645 70.878613 152.798340 70.835645
151.759766 71.217822 151.582422 71.286963
150.242969 71.267188 150.097656 71.226562
150.599805 71.520117 150.060840 71.510840
149.237891 71.687939 148.968164 71.690479
149.279688 71.825537 149.881055 71.843018
149.501563 72.164307 148.964844 72.252344
146.894727 72.197510 146.367969 71.922070
144.989648 71.753369 145.017871 71.793701
145.125781 71.927148 145.271191 71.894629
145.710156 72.177588 145.709668 72.206348
146.137305 72.146484 146.230273 72.137500
146.807031 72.236572 146.831836 72.295410
144.169238 72.258789 144.360938 72.265332
145.467090 72.362061 146.234766 72.349707
145.199316 72.570215 144.568652 72.609912
141.518359 72.788672 141.309766 72.857715
140.972852 72.716992 140.983203 72.630029
139.473633 72.466504 139.140820 72.329736
139.616992 72.225684 140.134375 72.209619
139.640234 71.998340 139.359277 71.951367
139.984180 71.491504 139.632129 71.489258
138.670020 71.634814 138.525195 71.562744
137.995703 71.463525 137.927344 71.429785
138.090625 71.307422 138.032520 71.285840
137.991699 71.142725 137.939648 71.133398
137.115820 71.415674 136.406152 71.570752
135.022363 71.515039 134.813867 71.460596
133.130859 71.606689 132.839258 71.755176
132.653906 71.925977 132.562305 71.895313
131.990820 71.293213 132.035352 71.244043
131.268262 70.765527 131.157422 70.742188
130.668457 70.888330 130.537109 70.892529
129.224512 71.508838 129.134277 71.592871
129.460840 71.739307 129.291797 71.850195
129.040137 71.782422 128.911426 71.755322
127.803418 72.434033 128.196973 72.309619
129.411719 72.315479 129.281348 72.437695
128.508496 72.547314 128.633398 72.550146
129.017285 72.872461 128.674023 72.885889
129.100586 73.112354 129.059180 73.107520
128.587012 73.262402 128.257812 73.267480
127.996875 73.425635 127.955078 73.445557
126.552539 73.334912 126.335449 73.388770
126.295996 73.536670 126.254492 73.548193
125.617090 73.520605 124.796289 73.711768
123.796875 73.626758 123.491113 73.666357
123.355273 73.402490 123.383887 73.347314
123.461621 73.144189 123.404590 73.085645
122.526758 73.016699 122.501953 72.970654
122.260156 72.880566 122.029785 72.897217
120.597949 72.981104 119.921680 72.971338
118.376563 73.367236 118.457031 73.464404
118.450195 73.589795 117.308594 73.599170
113.856934 73.533398 113.510352 73.504980
113.829297 73.326562 113.765234 73.317969
113.542773 73.054346 113.417480 72.932178
113.630078 72.677100 113.711914 72.654150
113.127832 72.830664 113.247363 72.897217
113.276953 73.391504 113.156934 73.459570
113.032813 73.913867 112.934961 73.945703
112.400000 73.711133 112.147266 73.708936
111.459961 74.004834 111.550586 74.028516
110.261426 74.017432 110.083887 73.994385
109.752734 73.722559 110.091211 73.708545
110.868164 73.730713 110.773340 73.689160
109.165625 73.399609 109.089941 73.378418
108.001270 73.235596 107.750391 73.173145
106.208789 73.060547 106.159570 73.002002
105.392773 72.841016 105.677148 72.959277
107.271094 73.621045 107.765430 73.625000
109.863867 74.208887 109.911328 74.261328
110.892773 74.548096 111.299023 74.658447
113.726172 75.450635 113.558887 75.502051
112.955664 75.571924 112.729590 75.737646
113.126367 75.698682 113.391602 75.677881
113.619922 75.592676 113.748730 75.704785
113.365527 76.178857 113.272656 76.251660
113.094043 76.132910 113.046680 76.114111
112.742578 76.186914 112.684180 76.218848
111.942676 76.380469 112.016797 76.420557
111.392480 76.686670 111.114844 76.723047
108.352051 76.719531 108.181641 76.737842
107.722168 76.522314 107.624219 76.510107
106.384668 76.589453 106.545508 76.586279
107.278906 76.990967 106.941602 77.034375
105.822168 76.997510 105.712012 77.001465
104.911914 77.174707 105.384570 77.237842
105.710254 77.525244 105.308984 77.549219
103.560742 77.631934 103.331250 77.641064
101.185742 77.028564 100.989941 76.990479
101.006250 76.615088 100.928027 76.556738
101.597754 76.439209 101.310742 76.478906
99.576270 76.471436 98.869434 76.509570
99.616797 76.240186 99.825391 76.135937
99.442187 75.803174 99.602344 75.852051
99.562695 76.109326 99.187305 76.177637
98.194629 76.166406 98.020020 76.133691
97.350684 76.033398 97.205469 76.018701
96.508594 76.005566 95.934766 75.926025
95.919922 76.113135 95.578711 76.137305
94.506738 76.107959 94.388281 76.102783
93.259277 76.098779 93.104883 76.025830
93.068652 75.912842 93.116309 75.944629
93.687012 75.921582 94.156348 75.959229
91.845410 75.723682 91.479492 75.649658
88.733105 75.369189 88.503711 75.290479
86.939063 75.068115 87.140723 75.072266
86.862891 74.717871 86.651465 74.682422
85.791016 74.645117 86.116113 74.628564
87.106152 74.403564 87.229688 74.363867
86.182910 74.423047 86.001367 74.316016
87.337500 73.846045 87.503223 73.832471
86.376270 73.568848 86.155078 73.534668
85.970801 73.347070 86.121680 73.306738
86.098145 73.272607 85.818164 73.326953
86.094141 73.578320 86.365918 73.619775
86.591406 73.894287 85.979297 73.856934
84.737891 73.762842 84.417383 73.722021
81.468848 73.640430 80.583203 73.568457
80.418945 73.289648 80.424512 73.231152
80.841602 72.949170 80.773730 72.860791
80.827051 72.488281 81.098145 72.389746
82.183594 72.237549 82.209277 72.211182
83.200293 71.874707 83.340430 71.827539
83.531055 71.514258 83.457617 71.467529
83.651270 70.672217 83.735938 70.546484
83.073828 70.276709 83.094141 70.221094
82.961035 70.088281 82.856543 70.104541
83.030176 70.580518 83.058398 70.694727
82.592480 70.889941 82.451660 70.690088
82.182422 70.511475 82.163184 70.598145
82.254297 71.056201 82.276953 71.093457
83.105664 71.562451 83.165527 71.602197
82.547266 71.758594 82.079883 71.706836
80.762500 72.089160 80.699219 72.098291
78.225391 72.377441 77.968164 72.328711
77.410840 72.107764 77.492871 72.071729
78.232422 71.952295 78.186914 71.907080
76.421680 72.006006 76.124023 71.926611
76.433398 71.552490 76.871191 71.446582
78.212598 71.266309 78.386523 71.087109
78.888672 70.997168 79.083887 71.002002
78.068262 70.986328 77.589648 71.167920
75.733594 71.265918 75.332031 71.341748
75.503223 71.654639 75.247461 71.813379
75.694434 72.253516 75.741406 72.296240
75.603125 72.512158 75.603516 72.581055
74.864941 72.838428 74.786816 72.811865
75.089941 72.263135 75.053223 72.199219
73.939453 71.914746 73.671777 71.845068
73.576563 71.216504 73.731543 71.068701
73.830176 70.175684 73.578125 69.802979
73.775684 69.198242 73.836035 69.143213
75.420020 69.238623 75.561133 69.251807
77.650684 68.903027 77.785254 68.630469
77.868262 68.234717 77.756836 68.222363
78.161230 67.678369 78.559082 67.639111
77.985547 67.559180 77.771582 67.570264
77.174414 67.778516 77.248438 67.941016
76.605762 68.897607 76.459180 68.978271
74.579590 68.751221 74.480957 68.658887
74.778223 67.985938 74.787305 67.897510
73.883301 67.084961 73.792090 66.995312
72.321582 66.332129 72.067578 66.253320
71.145508 66.366650 70.339453 66.342383
69.143945 66.640723 69.091113 66.723584
69.740430 66.814600 69.877148 66.845459
70.579102 66.753760 70.630762 66.754199
70.382812 66.602490 70.561426 66.548682
71.539551 66.683105 71.551172 66.760449
72.594336 67.586963 72.948730 67.696240
73.139453 68.181348 73.266406 68.294482
73.190723 68.706787 72.811914 68.815234
72.527051 69.154248 72.557324 69.378418
72.561914 70.345557 72.653320 70.403418
72.079297 71.306689 71.867285 71.457373
72.375000 71.821631 72.574121 72.012549
72.633789 72.744482 72.446387 72.790332
70.655371 72.890381 70.172168 72.901172
69.708984 72.956396 69.694336 72.977539
68.607422 72.012744 68.469434 71.852637
66.917578 71.282373 66.768066 71.139893
66.758789 70.962354 66.666113 70.900586
67.211523 70.798438 67.284766 70.738721
67.239258 70.108057 67.144434 70.030615
66.804004 69.659229 66.840234 69.609180
67.624121 69.584424 67.774316 69.529980
68.542773 68.967090 68.659570 68.927393
68.829492 68.567432 68.504199 68.348438
67.149219 68.753955 67.002441 68.873584
65.735742 69.132324 65.527930 69.173438
64.928516 69.325391 64.592188 69.435645
61.015918 69.851465 60.909082 69.847119
60.337305 69.457031 60.664551 69.110254
60.489160 68.728955 60.160254 68.699512
59.897363 68.421924 59.858789 68.396045
59.099023 68.444336 59.112305 68.616309
59.110156 68.896289 59.059863 68.972559
58.173047 68.889746 57.444336 68.641504
56.043652 68.648877 55.924609 68.637305
54.923047 68.373828 54.861328 68.201855
54.232910 68.266309 54.099219 68.259033
53.260547 68.267480 53.293359 68.311670
53.930859 68.435547 53.917676 68.536963
53.970605 68.844287 53.919531 68.871240
54.491211 68.992334 54.185840 69.003320
52.435059 68.610205 52.550098 68.592432
52.396680 68.351709 52.322266 68.339697
52.128809 68.532031 52.055664 68.541309
51.078516 68.363330 50.838867 68.349951
49.155273 67.870410 48.953906 67.853809
48.877930 67.731348 48.833203 67.681494
47.908203 67.454688 47.839258 67.355713
46.690820 66.825537 46.552344 66.818994
45.986035 66.853125 45.885352 66.891064
44.902148 67.413135 44.939453 67.477441
46.690430 67.848828 46.683594 67.970459
45.078125 68.578174 44.175293 68.541748
43.333203 68.673389 43.358008 68.635791
44.213867 68.112598 44.231543 68.071240
43.782422 67.254492 43.855371 67.188623
44.437109 66.794629 44.488672 66.671777
44.132422 66.064551 44.104395 66.008594
43.623926 66.146729 43.541895 66.123389
43.233203 66.415527 43.005957 66.420947
42.210547 66.519678 42.083594 66.465918
40.691602 65.963428 40.512793 65.843799
39.749121 65.447949 39.798047 65.349854
40.444922 64.778711 40.407813 64.754883
39.758008 64.577051 39.567383 64.570557
38.412109 64.857080 38.228223 64.851221
37.050195 65.195898 36.882812 65.172363
36.578711 64.790967 36.624219 64.750537
37.429590 64.373584 37.740625 64.396973
38.070801 64.025830 37.967969 63.949121
36.713770 63.945068 36.364941 64.002832
35.647070 64.378320 35.432031 64.346777
34.905469 64.738672 34.952246 64.755957
34.535938 65.277930 34.406445 65.395752
34.776953 65.768262 34.793164 65.816357
33.566699 66.320996 33.415820 66.315625
33.517676 66.471387 33.405273 66.484277
32.928711 66.704102 32.862402 66.721387
32.340625 67.067871 32.201563 67.113232
32.885254 67.061133 32.847559 67.021533
33.522949 66.764355 33.595410 66.784619
34.430859 66.629785 34.396094 66.613184
35.513477 66.395801 36.373438 66.302295
37.900684 66.095605 38.397559 66.064453
41.188965 66.826172 41.275586 66.914307
41.133887 67.386035 41.060938 67.444189
40.380664 67.831885 40.206641 67.941895
39.789746 68.112158 39.823340 68.058594
38.430176 68.355615 38.357617 68.415137
35.289844 69.275439 35.233203 69.265576
34.229395 69.313135 33.684375 69.310254
33.196387 69.116846 33.327734 69.151855
33.384863 69.444287 33.255859 69.427734
32.883789 69.460840 32.636816 69.489453
32.176758 69.674023 32.754297 69.605713
32.941699 69.751855 32.565430 69.806494
31.997949 69.809912 31.879395 69.831982
31.049512 69.769238 30.869727 69.783447
30.428320 69.722266 30.397266 69.732812
30.088281 69.717578 29.990332 69.736670
29.621387 69.874072 29.646875 69.943701
30.262988 70.124707 30.468945 70.197852
30.422070 70.547168 30.213184 70.543311
29.796484 70.642529 29.737500 70.646826
29.218555 70.829932 29.102344 70.860742
28.437305 70.501367 28.309863 70.443066
28.191016 70.440186 28.202734 70.576904
27.898047 70.677930 27.950977 70.717578
28.141699 71.043018 27.815039 71.059375
27.269043 70.910010 27.555664 70.827393
27.071289 70.608447 26.989355 70.511377
26.628125 70.550879 26.644629 70.636230
26.506934 70.912793 26.230859 70.782617
25.043848 70.109033 24.982715 70.143994
25.468262 70.671973 25.665625 70.777148
25.569824 70.900684 25.435938 70.911865
25.171191 70.872021 25.042188 70.928613
24.263477 70.826318 24.268164 70.772705
24.038477 70.485352 23.897168 70.478760
23.310254 70.063574 23.400195 70.019775
22.982813 70.236768 22.941211 70.304980
22.321973 70.264502 22.219434 70.309180
21.355762 70.233398 21.346289 70.208252
21.974707 69.834570 21.931738 69.814697
21.163086 69.889502 21.032129 69.887451
20.545996 69.851074 20.532715 69.692334
20.486719 69.542090 20.197656 69.370947
20.338184 69.616650 20.332715 69.676953
20.146387 69.896729 20.068945 69.883447
19.639746 69.503809 19.695996 69.612939
19.011328 69.623730 19.006836 69.587695
18.614453 69.490576 18.624414 69.434375
18.482617 69.364844 18.378711 69.439844
18.075391 69.232617 18.117480 69.181201
17.490039 68.878760 17.390820 68.799365
16.514355 68.532568 16.525293 68.490674
17.502344 68.461084 17.571191 68.447461
16.951367 68.354687 16.864941 68.355273
16.259766 68.144531 16.319238 68.101758
16.312305 67.881445 16.260742 67.886572
15.851270 68.182178 15.656641 68.164355
15.605762 67.987891 15.621387 67.948291
15.048438 67.955762 14.798926 67.809326
15.040820 67.682568 15.303906 67.765283
15.354004 67.543945 15.487305 67.514795
15.552930 67.351758 15.465332 67.450928
14.754980 67.499023 14.578516 67.386035
14.581543 67.267432 14.824414 67.268311
14.600684 67.173877 14.472656 67.142676
13.880176 66.964893 13.808398 66.960791
13.959473 66.794336 13.787988 66.782471
13.211426 66.640820 13.191602 66.537158
13.352051 66.236719 13.416406 66.252588
13.915820 66.247363 13.759668 66.221045
12.976074 66.019189 13.033105 65.956250
12.344824 65.630176 12.272852 65.568164
12.263379 65.256104 12.333984 65.240723
12.819824 65.317480 12.915527 65.339258
12.159668 65.178955 11.489355 64.975830
11.561719 64.818262 11.632910 64.813916
10.932324 64.577734 10.833984 64.494482
9.939453 63.981738 9.864453 63.917822
9.657227 63.697314 9.767480 63.699512
10.339160 63.571045 10.934863 63.770215
11.213574 64.030518 11.306641 64.048877
11.213867 63.878125 11.307617 63.875732
10.952539 63.698193 10.779199 63.651172
10.704492 63.463574 10.590918 63.447217
9.979199 63.395264 9.936035 63.478857
9.520703 63.585693 9.323633 63.570361
9.135840 63.593652 8.842383 63.645898
8.360742 63.498877 8.386523 63.445264
8.580176 63.313379 8.271484 63.286572
8.609180 62.880566 8.623145 62.846240
7.736035 63.103857 7.654297 63.109180
6.928223 62.902734 6.781543 62.789648
7.242090 62.752344 7.408398 62.711768
7.518164 62.645508 7.527441 62.610303
7.283789 62.602295 6.961133 62.626758
6.272852 62.583838 6.237500 62.519922
6.261719 62.416309 6.457129 62.448096
6.083496 62.349609 6.025586 62.375684
5.533301 62.310889 5.484277 62.239111
5.143164 62.159912 5.096484 62.026660
6.131152 61.852441 6.395898 61.850977
5.793262 61.827100 5.465332 61.896924
4.927832 61.710693 4.996680 61.645215
5.258301 61.455469 5.172461 61.457129
5.324609 61.108252 5.451270 61.102344
6.492578 61.154590 6.543066 61.244531
6.794336 61.190381 6.942578 61.160547
7.331152 61.372021 7.442578 61.434619
7.545020 61.177148 7.040137 61.091162
6.972070 61.055957 6.903418 61.102148
5.983984 61.117334 5.505273 61.056104
5.024609 60.936133 5.010742 60.858545
5.589355 60.694287 5.648340 60.687988
5.285840 60.205713 5.417383 60.154102
5.494531 60.070312 5.376465 60.067236
5.187109 59.907080 5.119238 59.833691
5.234473 59.691797 5.263867 59.709766
5.800879 60.026221 5.876563 60.070020
6.346973 60.419092 6.806348 60.500781
6.660938 60.367236 6.526855 60.152930
6.140527 60.233496 6.105176 60.165137
5.730469 59.863086 5.763477 59.807910
6.216602 59.818359 5.991016 59.744678
5.529688 59.713086 5.472461 59.713086
5.131641 59.226465 5.173242 59.162549
5.717969 59.329834 5.845215 59.353467
6.415332 59.547119 6.305664 59.505566
5.968555 59.186133 5.948730 59.135449
6.321094 59.016455 6.363281 59.000928
5.612207 59.012891 5.555566 58.975195
5.976562 58.432324 6.054688 58.375146
6.676758 58.233789 6.692480 58.224023
6.731445 58.068311 6.766797 58.081543
6.895313 58.120752 6.890234 58.102295
7.875586 58.079980 8.037402 58.147266
9.178125 58.675000 9.193750 58.711865
9.551074 58.933008 9.618457 58.946045
9.635156 59.117773 9.800195 59.027051
10.205176 59.038672 10.243164 59.062061
10.398145 59.519336 10.493750 59.541504
10.634375 59.602490 10.631055 59.428174
10.945020 59.170850 10.998926 59.164453
11.388281 59.036523 11.295313 59.086865
11.207910 58.866406 11.223828 58.679932
11.431543 58.339990 11.449316 58.118359
11.878711 57.679443 11.885059 57.612695
12.421484 56.906396 12.572656 56.823291
12.857422 56.452393 12.773145 56.455762
12.752832 56.242139 12.706348 56.235010
12.834570 55.881836 12.941992 55.806055
12.938770 55.533203 12.940625 55.481592
14.173730 55.396631 14.341699 55.527734
14.401953 55.976758 14.473242 56.014355
14.782031 56.161914 15.051172 56.172217
15.826660 56.124951 15.920313 56.167383
16.407813 56.808691 16.457520 56.926807
16.630859 57.430176 16.652246 57.500684
16.596973 57.912891 16.694922 57.917529
16.824316 58.459619 16.923828 58.492578
16.390820 58.601855 16.318066 58.628320
17.102832 58.710840 17.347656 58.780518
17.974609 59.002637 18.098145 59.062305
18.498633 59.291943 18.617578 59.327051
18.336035 59.375342 18.270508 59.367139
18.163574 59.430371 18.216895 59.420508
18.639941 59.600928 18.718750 59.657373
18.884277 59.980176 18.852734 60.025879
18.400000 60.337109 18.250488 60.361523
17.871582 60.580078 17.742188 60.539307
17.457031 60.641797 17.359863 60.640820
17.212891 60.985840 17.185742 61.146533
17.137988 61.381689 17.164258 61.458301
17.334570 61.691699 17.465430 61.684473
17.446582 62.022656 17.510156 62.166309
17.373340 62.426514 17.378418 62.462793
17.717773 62.500879 17.834473 62.502734
17.903027 62.659473 17.940723 62.679883
17.879590 62.873193 17.906641 62.886768
18.170020 62.789355 18.214941 62.812207
18.502051 62.988867 18.312891 62.996387
18.606445 63.178271 18.667188 63.176563
18.792285 63.238135 18.816699 63.257471
19.494629 63.424365 19.490918 63.460205
19.781641 63.538184 19.913672 63.610547
20.762695 63.867822 21.018457 64.177979
21.393848 64.544336 21.331543 64.629346
21.195898 64.876904 21.293750 64.941260
21.506348 65.245361 21.437793 65.282959
21.612695 65.299121 21.595996 65.316553
21.680664 65.403369 21.879590 65.424023
22.086719 65.530225 22.147559 65.552881
22.266602 65.621533 22.275000 65.725000
22.465137 65.852637 22.538574 65.794336
23.154590 65.749902 23.221094 65.786133
24.155469 65.805273 24.237500 65.812354
24.628027 65.859180 24.623242 65.831689
25.241797 65.546289 25.347852 65.479248
25.362305 65.065137 25.372656 65.009473
25.214258 64.853467 25.134277 64.875195
24.530176 64.738672 24.440625 64.680127
23.652930 64.134180 23.598926 64.040918
22.756250 63.683350 22.532324 63.647852
22.345996 63.442383 22.273242 63.454785
22.120313 63.244141 21.895703 63.210254
21.568652 63.113721 21.650977 63.039307
21.118164 62.689258 21.103613 62.622949
21.353711 62.223828 21.301660 62.112646
21.551855 61.666846 21.605957 61.591553
21.526660 61.523291 21.552344 61.509521
21.513477 61.281201 21.479102 61.170508
21.404004 60.767432 21.411914 60.696826
21.727148 60.582910 21.805273 60.594141
22.560352 60.385010 22.584961 60.380566
22.587988 60.255664 22.589941 60.228369
22.471094 60.146973 22.438574 60.090283
22.749805 60.057275 22.793457 60.076807
22.994141 60.098535 23.080176 60.047266
23.009766 59.868799 22.963867 59.826367
23.592676 59.968164 23.721777 59.965674
24.600488 60.114258 24.848730 60.158350
25.548242 60.302490 25.656445 60.333203
26.035840 60.341504 26.040234 60.371582
26.204688 60.406592 26.377734 60.424072
26.601758 60.595605 26.551172 60.545996
26.951172 60.471484 27.075586 60.525146
27.669336 60.498975 27.761621 60.532861
28.650586 60.610986 28.640332 60.542871
28.812695 60.331543 29.069141 60.191455
29.976758 60.026367 30.059961 60.002588
29.147266 59.999756 29.079102 59.960986
28.747656 59.806689 28.603906 59.818066
28.334570 59.692529 28.212500 59.724658
28.063965 59.554004 28.012500 59.484277
26.852051 59.471777 26.625000 59.553906
25.507422 59.597998 25.520898 59.559473
24.175391 59.375928 24.053613 59.372314
23.516992 59.107568 23.480176 59.069678
23.497168 58.819531 23.503613 58.789844
23.509277 58.658545 23.562793 58.575830
24.114844 58.266113 24.235645 58.289551
24.529102 58.354248 24.549707 58.304590
24.322559 57.870605 24.301563 57.784131
24.054297 57.066113 23.931152 57.008496
22.648633 57.595361 22.616992 57.651172
21.459180 57.322461 21.421484 57.235840
21.031445 56.636572 21.014941 56.258936
21.237891 55.455029 21.201074 55.343799
20.887500 54.909473 20.774023 54.947021
21.103906 55.487744 21.115723 55.568164
21.014063 55.401953 20.899805 55.286670
20.107617 54.956494 19.974512 54.921191
19.604395 54.459180 19.560156 54.434619
18.587109 54.512891 18.436230 54.744727
18.535156 54.769434 18.323438 54.838184
16.885449 54.596387 16.559766 54.553809
16.042773 54.266357 15.900000 54.253955
14.211426 53.950342 14.038867 54.034570
13.921680 53.996631 13.902148 53.938965
14.350879 53.858740 14.558398 53.823193
14.487598 53.671875 14.250000 53.731885
13.724219 54.153223 13.448047 54.140869
12.575391 54.467383 12.378516 54.347021
11.700586 54.113525 11.461133 53.964746
10.810742 54.075146 11.008594 54.181152
10.360449 54.438330 10.212402 54.408936
10.028809 54.581299 10.022168 54.673926
9.732324 54.968018 9.688184 55.000146
9.504785 55.116260 9.643262 55.204736
9.661426 55.557471 9.773242 55.608154
9.962012 55.813086 9.903711 55.842822
10.226660 56.005371 10.318750 56.212891
10.753418 56.241992 10.856445 56.295508
10.490234 56.520508 10.383594 56.554834
10.338477 57.021338 10.436914 57.172266
10.460254 57.614551 10.480957 57.648682
9.815137 57.478418 9.554297 57.232471
8.952246 57.150586 8.811523 57.110059
8.268262 56.754004 8.346680 56.712109
8.992773 57.016113 9.110449 57.043652
9.067090 56.793848 8.994531 56.774805
8.607617 56.514502 8.552930 56.560303
8.129883 56.321191 8.121484 56.139893
8.615918 55.418213 8.651074 55.328564
8.682324 54.791846 8.789648 54.695947
8.648047 54.397656 8.625781 54.353955
8.906641 54.260791 8.903516 54.000293
9.216406 53.891211 9.312012 53.859131
9.321973 53.813477 9.205566 53.855957
8.506250 53.670752 8.538477 53.556885
8.301563 53.584131 8.279004 53.511182
8.009277 53.690723 7.629199 53.697266
7.053320 53.375830 7.152051 53.326953
6.816211 53.441162 6.563574 53.434277
5.445996 53.214062 5.358398 53.096484
4.712695 52.872119 4.678320 52.809766
4.208789 52.058984 4.131738 52.011914
4.134570 51.672900 4.158008 51.633447
4.239355 51.503906 4.274121 51.471631
3.548633 51.589111 3.499609 51.576660
3.821875 51.409375 4.006543 51.443213
3.883398 51.354492 3.716504 51.369141
2.960156 51.265430 2.524902 51.097119
1.609570 50.819482 1.579492 50.739258
1.407227 50.088525 1.245508 49.998242
0.126563 49.601562 0.109375 49.557520
0.136133 49.401514 -0.011182 49.330225
-1.138525 49.387891 -1.194971 49.444824
-1.588232 49.667676 -1.705127 49.680957
-1.690332 49.313184 -1.583105 49.202393
-1.824707 48.630518 -1.851953 48.668848
-2.446191 48.648291 -2.692334 48.536816
-3.545996 48.765674 -3.714795 48.710498
-4.762500 48.450244 -4.748535 48.410010
-4.393164 48.367627 -4.364404 48.356738
-4.530664 48.309717 -4.577148 48.290039
-4.377832 48.128809 -4.512402 48.096729
-4.312109 47.822900 -4.226416 47.809619
-3.395898 47.720410 -3.328613 47.713330
-2.964062 47.601074 -2.859375 47.614453
-2.665918 47.526172 -2.554053 47.527051
-2.503125 47.312061 -2.434424 47.290967
-1.921729 47.260645 -2.027588 47.273584
-2.143555 47.126318 -2.081934 47.111621
-1.921436 46.684814 -1.786523 46.514844
-1.132031 46.252686 -1.136377 46.204834
-1.114355 45.768506 -1.209961 45.770898
-0.733105 45.384619 -0.641113 45.090186
-0.766650 45.314355 -0.826318 45.380664
-1.245215 44.666699 -1.220312 44.686621
-1.245508 44.559863 -1.345996 44.020215
-1.991309 43.345068 -2.196680 43.321924
-2.947705 43.439697 -3.045605 43.371582
-3.889355 43.499414 -4.015332 43.463086
-5.665820 43.582471 -5.846680 43.645068
-6.900684 43.585645 -7.060986 43.553955
-7.698145 43.764551 -7.852734 43.706982
-8.252295 43.496924 -8.248926 43.439404
-8.873682 43.334424 -9.024512 43.238965
-9.179443 42.910986 -9.127197 42.865234
-9.033105 42.593848 -8.987793 42.585645
-8.812109 42.470068 -8.776172 42.434814
-8.729199 42.287012 -8.690918 42.274170
-8.777148 41.941064 -8.878223 41.832080
-8.805664 41.560010 -8.738379 41.284668
-8.684619 40.752539 -8.731592 40.650928
-8.837842 40.115674 -9.004053 39.820557
-9.357227 39.284277 -9.352832 39.248145
-9.474121 38.730859 -9.410205 38.707520
-8.954297 39.016064 -8.867480 39.065967
-8.977051 38.802930 -9.021484 38.746875
-9.213281 38.448096 -9.186719 38.438184
-8.733984 38.482422 -8.668311 38.424316
-8.822656 37.871875 -8.791846 37.732812
-8.935352 37.016016 -8.848437 37.075684
-7.939697 37.005420 -7.834131 37.005713
-6.929492 37.214941 -6.863770 37.278906
-6.320947 36.908496 -6.216797 36.913574
-6.268945 36.596729 -6.257715 36.564844
-6.040674 36.188428 -5.960693 36.181738
-5.443604 36.150586 -5.407227 36.158887
-5.171484 36.423779 -4.935303 36.502051
-3.827783 36.756055 -3.578809 36.739844
-2.787549 36.714746 -2.670605 36.747559
-2.111523 36.776660 -1.939307 36.945850
-0.822168 37.580762 -0.771875 37.596240
-0.741553 37.886133 -0.683203 37.992041
-0.052734 38.585693 0.136328 38.696777
-0.133789 38.969482 -0.204932 39.062598
0.158398 40.106592 0.363672 40.319043
0.859180 40.686230 0.891113 40.722363
1.205859 41.097559 1.566602 41.195605
3.146875 41.861035 3.248047 41.944238
3.166406 42.256494 3.218652 42.260352
3.197852 42.461182 3.090918 42.590869
3.784766 43.461621 3.861621 43.516357
4.162793 43.503662 4.224219 43.479639
4.712109 43.373291 4.789062 43.378906
4.911914 43.426953 4.975977 43.426953
5.199512 43.352490 5.320215 43.344922
6.115918 43.072363 6.305371 43.138721
6.716602 43.373584 6.864746 43.438330
7.493164 43.767139 7.733301 43.802588
8.765820 44.422314 8.930371 44.407764
10.188086 43.947510 10.245801 43.852100
10.517285 43.065137 10.514844 42.967529
10.737109 42.899951 10.765137 42.844678
11.141797 42.444092 11.103223 42.416602
11.498438 42.362939 11.637305 42.287549
12.849219 41.408740 13.024219 41.300928
13.361914 41.278516 13.554785 41.232178
14.044336 40.812256 14.075879 40.793945
14.460547 40.728711 14.339941 40.598828
14.765723 40.668408 14.839551 40.629980
14.926953 40.264746 14.950879 40.239014
15.692773 39.990186 15.763672 39.870068
16.209961 38.941113 16.196777 38.759229
15.904785 38.483496 15.822363 38.302979
16.056836 37.941846 16.109766 38.018652
16.558984 38.714795 16.616699 38.800146
17.122949 39.136572 17.114551 39.380615
16.529980 39.859668 16.669629 40.137207
17.215332 40.486426 17.249414 40.437891
18.077930 39.936963 18.219336 39.852539
18.485840 40.104834 18.460645 40.221045
17.275195 40.975439 17.103418 41.062158
16.033691 41.700781 16.151270 41.758496
15.404980 41.913232 15.168750 41.934033
13.924902 42.851562 13.804688 43.180371
12.907031 43.921191 12.691113 43.994727
12.278906 44.832227 12.319043 44.833105
12.392480 45.039795 12.286328 45.207715
12.491797 45.546289 12.536133 45.544922
12.761230 45.544287 12.903027 45.610791
13.465137 45.709961 13.558203 45.770703
13.577930 45.516895 13.517188 45.481787
13.860742 44.837402 13.899805 44.829346
14.268555 45.282520 14.312695 45.337793
14.906543 44.971387 14.885254 44.818262
15.470996 44.271973 15.369727 44.289258
15.185840 44.172119 15.499414 43.908789
15.942578 43.568945 15.985547 43.519775
16.393945 43.543359 16.600293 43.464062
17.585156 42.938379 17.667578 42.897119
17.258203 42.968457 17.584961 42.837158
18.553516 42.428516 18.591602 42.444189
18.894238 42.249463 19.122266 42.060498
19.575684 41.640430 19.545801 41.596826
19.456055 41.106055 19.461230 40.933301
19.459180 40.405371 19.440527 40.375684
19.398145 40.284863 19.484570 40.209961
20.001270 39.709424 20.099414 39.641260
20.691309 39.067480 20.713379 39.035156
21.118359 39.029980 21.144531 38.979199
20.777344 38.927881 20.768555 38.874414
21.113184 38.384668 21.182617 38.345557
21.390137 38.407812 21.472559 38.321387
21.965332 38.412451 22.226855 38.352832
22.753906 38.289502 22.783691 38.261719
23.093555 38.196436 23.148926 38.176074
22.954785 38.074609 22.893164 38.050928
22.711523 38.046924 22.555859 38.113232
21.658398 38.175098 21.548730 38.164600
21.124707 37.891602 21.137988 37.854150
21.571289 37.541016 21.678906 37.387207
21.892383 36.737305 21.934277 36.803662
22.133789 36.963916 22.164746 36.902832
22.427734 36.475781 22.489453 36.446924
22.832324 36.687109 22.982910 36.528369
23.111719 36.547607 23.041016 36.644531
22.765039 37.393311 22.725391 37.542139
23.096484 37.440576 23.100000 37.363770
23.490625 37.463867 23.458105 37.496924
23.197559 37.620215 23.147168 37.716260
23.087402 37.912842 23.193652 37.959033
23.732813 37.884082 23.877344 37.777783
24.061328 37.817920 24.033008 37.955322
23.683984 38.352441 23.569629 38.489404
23.020313 38.741895 22.774023 38.800391
22.676855 38.898926 22.802637 38.901611
22.886035 39.169971 22.838965 39.258594
23.119434 39.132764 23.154688 39.101465
23.103418 39.492041 22.978809 39.563818
22.605469 40.276416 22.642676 40.366602
22.922266 40.590869 22.892871 40.524268
23.328223 40.089941 23.395605 39.989844
23.433203 40.115430 23.386426 40.221973
23.947070 39.965576 23.981836 39.994043
23.720508 40.286279 23.727930 40.329736
24.232422 40.215186 24.343359 40.147705
23.866797 40.418555 23.831934 40.481543
23.946094 40.748340 24.082324 40.724072
24.678711 40.869482 24.792969 40.857520
25.496777 40.887793 25.855664 40.844092
26.224219 40.618066 26.360938 40.606348
26.355273 40.390234 26.253809 40.314697
26.202734 40.075391 26.271777 40.096582
27.258008 40.687354 27.430176 40.839941
28.172168 41.080713 28.294922 41.071484
29.057227 41.229736 28.946777 41.248389
28.014453 41.969043 27.982715 42.047412
27.753711 42.706543 27.818359 42.716650
28.035156 43.268262 28.133691 43.395605
28.590723 43.797412 28.658594 43.983838
28.807031 44.565039 28.813574 44.602490
28.891504 44.918652 28.930566 44.965820
29.069141 44.871143 29.081055 44.798828
29.678613 45.151660 29.689063 45.193213
29.601660 45.682520 29.628418 45.722461
30.184180 45.849951 30.219043 45.866748
30.721680 46.366211 30.772852 46.473047
31.496875 46.738379 31.563379 46.777295
31.901660 46.721631 31.912695 46.926123
31.864746 47.095117 31.939551 46.981982
32.127246 46.597217 32.354102 46.564844
32.361328 46.474951 32.131445 46.509375
31.713672 46.471777 31.855762 46.462451
31.842871 46.346143 31.779980 46.324658
32.476758 46.083691 32.796875 46.131494
33.498828 46.078857 33.594141 46.096240
33.142285 45.749219 32.828027 45.593018
32.918652 45.348145 33.186914 45.194775
33.612207 44.907812 33.530078 44.680518
33.755664 44.398926 33.909961 44.387598
34.716895 44.807129 34.887793 44.823584
35.569531 45.119336 35.677539 45.102002
36.229883 45.025977 36.393359 45.065381
36.427051 45.433252 36.290332 45.456738
35.750977 45.389355 35.558008 45.310889
34.906641 45.878809 34.857324 45.987354
35.230371 46.440625 35.291992 46.370703
35.055273 46.104004 35.132324 46.125879
36.024902 46.666797 36.194629 46.645508
36.688672 46.764111 36.794824 46.714404
37.543359 47.074561 37.828711 47.095850
38.761914 47.261621 38.736035 47.235840
39.023730 47.272217 39.195703 47.268848
39.126758 47.023438 38.801074 46.906152
38.343457 46.678320 38.229980 46.701270
37.809570 46.532080 37.913867 46.406494
38.400391 46.080029 38.311816 46.095361
38.073828 46.017090 38.014258 46.047754
37.612402 45.564697 37.609961 45.499512
37.264258 45.310937 37.213574 45.272314
36.720410 45.371875 36.761621 45.348340
36.627637 45.151318 36.650781 45.126465
37.411328 44.735352 37.495117 44.695264
38.311816 44.374463 38.635840 44.318018
39.978320 43.419824 40.190625 43.312402
41.128711 42.828125 41.419434 42.737646
41.760742 41.884863 41.758789 41.817139
41.083594 41.261182 40.959473 41.211621
40.000195 40.977148 39.911133 40.966455
38.381055 40.924512 37.910059 41.001904
36.777734 41.363477 36.647070 41.352539
36.179199 41.426562 36.051758 41.682568
35.209180 41.794385 35.122070 41.891113
34.750488 41.956836 34.192969 41.963672
32.306445 41.729590 32.086426 41.589209
30.344922 41.196924 29.919336 41.150830
29.067383 41.101660 29.045508 41.007568
29.800586 40.760156 29.849219 40.760107
28.787891 40.534033 28.841211 40.503467
28.738867 40.390869 28.630273 40.376465
27.994824 40.466602 27.989551 40.489453
27.789355 40.350879 27.728027 40.328809
27.121680 40.452344 27.012109 40.396338
26.149805 39.872852 26.154688 39.656641
26.484082 39.520703 26.827051 39.562891
26.710742 39.339648 26.681836 39.292236
26.814941 38.960986 26.866211 38.922949
26.790137 38.736084 26.763672 38.709619
26.970410 38.447852 27.144238 38.451953
26.696387 38.405371 26.674219 38.335742
26.513574 38.629492 26.441309 38.641211
26.343652 38.370068 26.290723 38.277197
26.621094 38.176367 26.682813 38.198340
27.232422 37.978662 27.254785 37.882324
27.147949 37.603613 27.203906 37.491406
27.520117 37.249121 27.535059 37.163867
27.311035 36.981885 27.348926 37.019580
28.083008 36.920264 28.005371 36.831982
27.453906 36.712158 27.540430 36.684229
28.019434 36.634473 28.111523 36.646387
28.816895 36.675293 28.895898 36.673584
29.116113 36.520117 29.143262 36.397217
30.083203 36.249365 30.231641 36.307324
30.483594 36.310400 30.506055 36.451123
31.240625 36.821729 31.352539 36.801074
32.377734 36.183643 32.533789 36.100732
33.522754 36.143994 33.694727 36.181982
34.703613 36.816797 34.811230 36.799268
35.625586 36.652783 35.661133 36.724316
36.135156 36.851611 36.180078 36.807227
35.810938 36.309863 35.887109 36.159082
35.902441 35.420703 35.916016 35.350537
35.887891 34.948633 35.899316 34.852100
35.647852 34.248242 35.611816 34.032178
35.155078 33.160010 35.108594 33.083691
34.678418 31.895703 34.483984 31.592285
33.902539 31.180957 33.666504 31.130420
32.901563 31.110937 32.854492 31.117725
32.250586 31.294922 32.216211 31.293750
32.065625 31.152979 32.008496 31.220508
32.076074 31.344482 32.136035 31.341064
31.606543 31.455762 31.524414 31.458252
31.001758 31.462793 30.841406 31.439893
30.570996 31.472998 30.395117 31.457617
30.127539 31.255664 30.049414 31.265430
29.159961 30.834570 29.072070 30.830273
27.829980 31.195020 27.620117 31.191748
25.893262 31.620898 25.382227 31.512793
24.950684 31.953711 24.878516 31.984277
23.898438 32.127197 23.797656 32.158691
23.129688 32.448145 23.090625 32.618750
22.187402 32.918262 21.839453 32.908643
21.062305 32.775537 20.621094 32.580176
19.926367 31.817529 19.961230 31.556006
20.111523 30.963721 20.013184 30.800684
18.936426 30.290430 18.669824 30.415674
16.781543 31.214746 16.450977 31.227295
15.496387 31.656787 15.414062 31.834229
14.513379 32.511084 14.423828 32.550293
13.647754 32.798828 13.536328 32.824268
12.279883 32.858545 11.813477 33.093701
11.234277 33.233594 11.202637 33.249219
11.084570 33.562891 10.958008 33.626318
10.713184 33.689014 10.454297 33.662500
10.064844 34.211621 10.118359 34.280078
10.955859 35.033643 11.120117 35.240283
10.783691 35.772070 10.688965 35.799512
10.525684 36.323340 10.642383 36.419629
11.126660 36.874072 11.077051 36.966699
10.518164 36.791357 10.412305 36.731836
10.087402 37.251270 9.988086 37.257764
9.783984 37.211426 9.815527 37.254639
9.058887 37.155859 8.823535 36.997607
7.607715 36.999756 7.432422 37.059277
6.575879 37.003027 6.486523 37.085742
5.424609 36.675439 5.295410 36.648242
3.779004 36.896191 3.520508 36.795117
2.342871 36.610303 1.974512 36.567578
0.312207 36.162354 0.151660 36.063135
-0.426123 35.861523 -0.917480 35.668408
-1.673633 35.183105 -1.913281 35.094238
-2.731396 35.135205 -2.839941 35.127832
-2.972217 35.407275 -3.063086 35.317236
-3.787988 35.244922 -3.982422 35.243408
-5.252686 35.614746 -5.337646 35.745215
-5.622852 35.828906 -5.747949 35.815967
-6.755762 34.132910 -6.900977 33.969043
-8.596289 33.187158 -8.836230 32.920459
-9.674951 31.710986 -9.808691 31.424609
-9.773145 30.603125 -9.652930 30.447559
-10.010498 29.641406 -10.200586 29.380371
-11.430176 28.382031 -11.552686 28.310107
-13.040723 27.769824 -13.175977 27.655713
-13.695898 26.642920 -13.952100 26.488770
-14.522754 25.925244 -14.602295 25.808545
-14.856055 24.871582 -14.904297 24.719775
-15.899316 23.844434 -15.952832 23.740820
-15.789258 23.792871 -15.805957 23.749512
-16.169727 23.031934 -16.201855 22.945361
-16.793262 22.159717 -16.930859 21.900000
-16.971143 21.076465 -16.927930 21.114795
-16.534912 20.654004 -16.530420 20.709521
-16.241162 20.141260 -16.233203 20.000977
-16.474805 19.390625 -16.514453 19.361963
-16.150098 18.718164 -16.084961 18.521191
-16.346680 16.926416 -16.463623 16.601514
-16.843408 15.293994 -17.147168 14.922021
-17.345801 14.729297 -17.260645 14.701074
-16.797754 14.093262 -16.791748 14.004150
-16.733887 13.961182 -16.766943 13.904932
-16.530078 13.457959 -16.440527 13.353174
-15.438135 13.483203 -15.427490 13.468359
-16.158398 13.384033 -16.187891 13.326172
-16.556445 13.303223 -16.598340 13.356836
-16.769336 13.148486 -16.763330 13.064160
-16.767969 12.628418 -16.743896 12.585449
-16.548828 12.663818 -16.455029 12.624805
-16.677637 12.560059 -16.760303 12.525781
-16.312305 12.243018 -16.244580 12.237109
-16.138428 11.917285 -15.958789 11.959619
-15.650684 11.818359 -15.513477 11.917578
-15.071973 11.947021 -15.101709 11.913965
-15.467187 11.842822 -15.500244 11.778369
-15.230371 11.686768 -15.122412 11.661572
-15.479492 11.410303 -15.448975 11.389746
-15.400586 11.266211 -15.393115 11.217236
-15.181055 11.034229 -15.096777 11.140039
-15.012402 10.804346 -14.975000 10.803418
-14.757373 10.862061 -14.693359 10.741016
-14.609570 10.549854 -14.426904 10.248340
-14.021875 10.047852 -13.954639 9.968701
-13.689795 9.927783 -13.700488 9.851270
-13.436279 9.420312 -13.405566 9.360645
-13.292676 9.049219 -13.271631 8.987402
-13.226172 8.765967 -13.228418 8.695898
-12.904004 8.656250 -12.894092 8.629785
-13.203320 8.484277 -13.261230 8.487598
-12.956934 8.145312 -12.925146 8.055176
-12.570215 7.700586 -12.510449 7.753369
-12.485645 7.386279 -12.346631 7.341797
-11.291602 6.688232 -11.004541 6.557373
-10.597070 6.210938 -10.418164 6.167334
-8.259033 4.589990 -7.998242 4.508691
-7.057959 4.544727 -6.922900 4.638330
-5.564746 5.089453 -5.061816 5.130664
-5.282373 5.210254 -5.023682 5.203613
-4.062061 5.256641 -4.115186 5.261621
-3.984180 5.293164 -3.870605 5.220703
-3.151416 5.348291 -3.168701 5.203027
-3.214893 5.147217 -3.246387 5.114062
-2.723047 5.013721 -2.398926 4.929346
-1.638477 4.980859 -1.501660 5.037988
-0.348730 5.500781 -0.126514 5.568164
1.008008 5.906396 1.050293 5.993994
1.818164 6.260645 2.286914 6.328076
3.503320 6.531348 3.716992 6.597949
3.486621 6.408936 4.125879 6.411377
5.093066 5.767090 5.106250 5.728125
5.327344 5.707520 5.325293 5.647949
5.393848 5.574512 5.289062 5.577490
5.549707 5.474219 5.531836 5.426367
5.370020 5.195020 5.388281 5.173779
5.448145 4.945850 5.493262 4.838770
5.970703 4.338574 6.076563 4.290625
6.275293 4.371680 6.255957 4.334473
6.554590 4.341406 6.579980 4.475977
6.757031 4.343555 6.860352 4.373340
6.787598 4.724707 6.824707 4.645264
7.013379 4.397314 7.154688 4.514404
7.206738 4.612061 7.284375 4.547656
7.565625 4.560937 7.644238 4.525342
8.233789 4.907471 8.252734 4.923975
8.543750 4.757812 8.555859 4.755225
8.656250 4.516357 8.689648 4.550244
8.856445 4.579248 8.889453 4.572754
8.977051 4.230420 9.000098 4.091602
9.362305 3.925732 9.425293 3.922314
9.511816 4.060645 9.550586 4.028418
9.639941 3.965332 9.736133 3.880127
9.615918 3.696484 9.642383 3.611768
9.948438 3.079053 9.885449 2.916553
9.807031 1.927490 9.718848 1.788672
9.434082 1.296387 9.385938 1.139258
9.575391 0.991309 9.625879 0.779443
9.538965 0.658691 9.495313 0.664844
9.546484 0.295947 9.776660 0.192480
9.796777 0.044238 9.738379 0.084961
9.375781 0.307227 9.354883 0.343604
9.136523 -0.573340 9.081543 -0.624316
8.757227 -0.614941 8.703125 -0.591016
9.064648 -1.298340 9.203809 -1.382422
9.280176 -1.481934 9.295801 -1.515234
9.523340 -1.598340 9.406348 -1.634570
9.157520 -1.527734 9.258398 -1.726270
9.495313 -1.934961 9.482813 -1.962305
9.402246 -2.027637 9.533203 -2.163867
9.768652 -2.413086 9.860840 -2.442578
9.763672 -2.473828 9.722070 -2.467578
10.640723 -3.398047 10.848535 -3.561328
11.393848 -4.200293 11.668066 -4.434277
11.893262 -4.865723 11.966797 -4.954395
12.177148 -5.324805 12.206543 -5.468262
12.240430 -5.807324 12.315039 -5.895313
12.791602 -5.877734 12.860840 -5.854102
12.790625 -6.003906 12.553516 -6.045898
12.402148 -6.353418 12.521289 -6.590332
13.366406 -8.469238 13.368066 -8.554785
13.077246 -8.934277 13.092773 -8.899707
13.155664 -9.389648 13.196875 -9.550684
13.539453 -10.420703 13.633496 -10.512305
13.784277 -11.487988 13.785352 -11.812793
12.983203 -12.775684 12.897656 -13.027734
12.073242 -15.248242 12.016113 -15.513672
11.750879 -15.831934 11.769434 -15.915332
11.743066 -17.249219 11.721680 -17.466797
12.095703 -18.540918 12.328711 -18.751074
13.450586 -20.916699 13.839355 -21.473242
14.525977 -22.702539 14.519922 -22.805176
14.423828 -23.078613 14.473828 -23.281152
14.627930 -24.548047 14.767969 -24.787988
14.845215 -25.725684 14.931250 -25.958203
15.123730 -26.667871 15.132812 -26.787598
15.719043 -27.965820 15.890918 -28.152539
16.739453 -29.009375 16.950000 -29.403418
18.163672 -31.655176 18.210840 -31.742480
18.125000 -32.749121 18.036523 -32.775098
17.958398 -33.046387 17.992578 -33.152344
18.433008 -33.717285 18.456445 -33.796484
18.410352 -34.295605 18.461621 -34.346875
18.708691 -34.071875 18.752148 -34.082617
18.831348 -34.364063 18.901563 -34.360645
19.244629 -34.412305 19.279395 -34.437012
19.634961 -34.753320 19.850000 -34.756641
20.774805 -34.439941 20.882422 -34.386523
21.553223 -34.373047 21.788965 -34.372656
22.925586 -34.063184 23.268164 -34.081152
24.595508 -34.174512 24.827148 -34.168945
25.574219 -34.035352 25.638184 -34.011133
26.613672 -33.707422 27.077441 -33.521191
28.449414 -32.624609 28.855957 -32.294238
29.830273 -31.423828 29.971191 -31.322070
31.023340 -29.900879 31.169922 -29.590820
32.027246 -28.839551 32.285742 -28.621484
32.849121 -27.080176 32.886133 -26.849316
32.894043 -26.129883 32.848828 -26.268066
32.590430 -26.004102 32.655859 -25.901758
33.530078 -25.188867 33.836035 -25.067969
35.438086 -24.171191 35.489648 -24.065527
35.398828 -23.837695 35.370410 -23.798242
35.505762 -22.772070 35.490234 -22.657715
35.493750 -22.124707 35.456348 -22.115918
35.315723 -22.396875 35.325586 -22.260352
35.117578 -21.195215 34.982324 -20.806250
34.750000 -20.090820 34.745020 -19.929492
34.852344 -19.820508 34.890820 -19.821777
35.980078 -18.912500 36.125000 -18.842383
36.403711 -18.769727 36.412207 -18.692969
36.919238 -18.080078 36.939355 -17.993457
37.512305 -17.570703 37.839453 -17.393164
38.633301 -17.078320 38.669922 -17.050293
39.084375 -16.972852 39.181738 -16.841992
39.790918 -16.294531 39.859766 -16.251758
40.208008 -15.867090 40.313867 -15.763965
40.642188 -15.082422 40.694336 -15.065234
40.844531 -14.718652 40.820605 -14.634961
40.726660 -14.420703 40.646094 -14.538672
40.649512 -14.198828 40.602539 -14.167383
40.558203 -13.531445 40.545117 -13.462891
40.573242 -13.057715 40.568750 -12.984668
40.572070 -12.758398 40.580859 -12.635547
40.501465 -12.119434 40.531543 -12.004590
40.402832 -11.332031 40.420996 -11.265625
40.516113 -10.929590 40.597168 -10.830664
40.463574 -10.464355 40.452539 -10.442969
40.083691 -10.156641 39.983594 -10.159570
39.774805 -9.837109 39.727930 -9.724805
39.451270 -8.942969 39.480078 -8.905957
39.340039 -8.242871 39.441016 -8.011523
39.353125 -7.341406 39.433398 -7.207031
39.228418 -6.685254 39.125488 -6.555957
38.804688 -6.070117 38.819238 -5.877637
39.118750 -5.065430 39.123242 -4.980469
39.376953 -4.625488 39.490918 -4.478418
39.745801 -3.955176 39.761426 -3.913086
39.991699 -3.350684 40.115430 -3.250586
40.222461 -2.688379 40.278516 -2.628613
40.898242 -2.269922 40.922363 -2.193750
40.970703 -1.991797 40.995508 -1.950586
41.532715 -1.695312 41.632031 -1.578516
41.979883 -0.973047 42.106250 -0.856152
42.634180 -0.250781 42.712109 -0.175684
44.920215 1.810156 45.826270 2.309863
48.233984 4.952686 48.649023 5.494385
49.570020 7.296973 49.671191 7.469531
50.285742 8.509424 50.321191 8.619580
50.832813 9.710498 50.873730 9.924170
51.268164 10.403125 51.384570 10.386523
51.185547 10.529834 51.188281 10.479736
51.104883 10.535840 51.131250 10.595898
51.218164 11.657666 51.231836 11.745020
50.528320 11.823193 50.466211 11.727539
48.938574 11.258447 48.903125 11.254883
47.712500 11.112012 47.473828 11.174805
46.565039 10.745996 46.460254 10.734180
45.337695 10.649756 44.942969 10.436719
43.631152 11.035449 43.441211 11.346436
42.789746 11.561719 42.652734 11.509570
42.799023 11.739404 43.048047 11.829053
43.353516 12.367041 43.298633 12.463867
42.969531 12.808350 42.796191 12.864258
42.245117 13.587646 41.658203 13.983057
40.546289 14.933594 40.436523 14.963965
40.057813 15.217090 40.041016 15.334521
39.815625 15.245312 39.819434 15.201270
39.506543 15.532129 39.422266 15.786670
38.911719 17.427148 38.609473 18.005078
38.201758 18.249414 38.128125 18.333301
37.531641 18.753125 37.471289 18.820117
37.187891 20.394922 37.227539 20.556738
37.217480 21.077637 37.257227 21.039404
36.926953 21.586523 36.882617 21.768799
36.414551 22.394189 36.229688 22.628809
35.564355 23.271094 35.522754 23.442529
35.632031 23.950342 35.783887 23.937793
34.853223 25.139795 34.679297 25.442529
33.893066 27.049463 33.849316 27.184912
33.558789 27.701221 33.547070 27.898145
32.898242 28.565234 32.856543 28.630615
32.638086 29.182178 32.599023 29.321924
32.489453 29.851514 32.473047 29.925439
32.766699 29.450000 32.811719 29.400000
33.201953 28.695703 33.247754 28.567725
34.220117 27.764307 34.318555 27.888965
34.736426 29.270605 34.848535 29.432129
34.799121 28.720508 34.779883 28.507324
34.827539 28.108594 35.078320 28.087012
35.851660 27.070459 36.032031 26.881006
36.702539 25.902881 36.762695 25.751318
37.243457 25.073437 37.266309 24.960059
37.543066 24.291650 37.638184 24.277734
37.977832 24.124561 38.098633 24.058008
38.757031 23.194287 38.796875 23.048584
39.007422 22.770068 39.001367 22.698975
39.021191 22.033447 38.987891 21.881738
39.093555 21.310352 39.276074 20.973975
40.080664 20.265918 40.482227 19.993457
40.847852 19.555273 40.913281 19.490137
41.229492 18.678418 41.431738 18.452441
42.293945 17.434961 42.332422 17.256641
42.552930 16.868457 42.647461 16.801367
42.799316 16.371777 42.839648 16.032031
42.736426 15.293555 42.697852 15.326318
42.937305 14.898047 42.912988 14.863086
43.006250 14.483105 43.044824 14.341553
43.282617 13.639844 43.231934 13.267090
43.929785 12.616504 44.005859 12.607666
44.755273 12.763770 44.889844 12.784180
45.533984 13.233496 45.657324 13.338721
46.663477 13.432715 46.788867 13.465576
47.855078 13.956934 47.916016 14.012842
48.668359 14.050146 48.779980 14.123877
49.349902 14.637793 49.548633 14.722412
51.015137 15.140771 51.322461 15.226270
51.965820 15.535693 52.087305 15.585938
52.327734 16.293555 52.448438 16.391260
53.775391 16.855713 53.954395 16.917822
54.771875 16.964648 55.064160 17.038916
55.281445 17.446240 55.238184 17.504736
56.270313 17.950781 56.383496 17.987988
57.176563 18.902588 57.427930 18.943799
57.763965 19.253320 57.760840 19.432227
57.843652 20.117725 57.861816 20.244141
58.231641 20.506836 58.208984 20.423975
58.690430 20.807129 58.895703 21.112793
59.652539 21.951367 59.680859 22.053809
59.695605 22.546143 59.535156 22.578516
59.029883 23.130566 58.983398 23.234717
58.500000 23.645654 58.393164 23.618164
57.219824 23.922754 57.123047 23.980713
56.387988 24.979199 56.372852 25.018311
56.373633 25.804590 56.416406 26.108740
56.346484 26.313623 56.305566 26.235205
56.074609 26.052783 56.025195 25.916016
55.303516 25.236816 55.098145 25.041602
54.534668 24.530957 54.498828 24.462695
54.147949 24.171191 53.893359 24.077051
52.511426 24.112500 52.250879 23.995215
51.767578 24.254395 51.734766 24.262793
51.534766 24.286328 51.476758 24.308203
51.411230 24.570801 51.338477 24.564355
51.586914 24.964844 51.608887 25.052881
51.485352 25.524707 51.526953 25.682129
51.108105 26.080566 51.003125 25.981445
50.754590 25.399268 50.777344 25.177441
50.725586 24.869385 50.666895 24.963818
50.238965 25.622852 50.189648 25.755811
50.095996 26.118701 50.135254 26.100684
50.027344 26.526855 50.011328 26.608789
50.149805 26.662646 49.986133 26.828906
49.175098 27.437646 49.237500 27.492725
48.807227 27.765283 48.832813 27.800684
48.498535 28.448877 48.442480 28.542920
48.183789 28.979395 48.100391 29.210742
47.935352 29.366602 47.845313 29.365723
48.048340 29.597510 48.089453 29.579102
47.973633 29.945898 47.978711 29.982812
48.454199 29.938477 48.546484 29.962354
48.919141 30.120898 48.908691 30.241455
49.130371 30.509424 49.224512 30.472314
49.001953 30.373926 49.028125 30.333447
50.071582 30.198535 50.128906 30.048096
50.649609 29.420068 50.667969 29.339844
50.875781 29.062695 50.875781 29.004395
51.093848 28.512109 51.128418 28.435156
51.666309 27.844971 51.841992 27.848242
52.638184 27.391992 52.691602 27.323389
53.705762 26.725586 53.822559 26.707715
54.759277 26.505078 54.895801 26.556689
55.591602 26.932129 55.650293 26.977539
56.728125 27.127686 56.812891 27.089990
57.104297 26.371436 57.201367 26.158838
57.732520 25.724902 57.796094 25.653027
58.530859 25.592432 58.797852 25.554590
59.818359 25.400879 59.897070 25.361816
60.615137 25.329834 60.663867 25.282227
61.533105 25.195508 61.743652 25.138184
62.248730 25.197363 62.315332 25.134912
63.015039 25.224658 63.170020 25.254883
63.720898 25.385889 63.935547 25.342529
64.543750 25.236670 64.594043 25.206299
65.406250 25.374316 65.679688 25.355273
66.467676 25.445312 66.407129 25.485059
66.324219 25.601807 66.428613 25.575342
66.682227 24.928857 66.703027 24.860937
67.309375 24.174805 67.365234 24.091602
67.563086 23.881836 67.645801 23.919873
67.950977 23.828613 68.001465 23.826074
68.165039 23.857324 68.191992 23.728906
68.642383 23.808496 68.776758 23.852100
68.529199 23.364063 68.640723 23.189941
69.849805 22.856445 70.118262 22.947021
70.396289 23.030127 70.434570 23.077100
70.327734 22.815771 70.177246 22.572754
69.655176 22.403516 69.549219 22.408398
69.051660 22.437305 68.983496 22.385400
69.541992 21.678564 69.748438 21.505713
70.879688 20.714502 71.024609 20.738867
72.254004 21.531006 72.256641 21.661230
72.037207 21.823047 72.075586 21.862988
72.306445 22.189209 72.242578 22.245166
72.701953 22.263623 72.809180 22.233301
72.617480 21.961719 72.700195 21.971924
72.979102 21.704687 73.112500 21.750439
72.668359 21.455908 72.734766 21.470801
72.813867 21.117188 72.824316 21.083594
72.708984 20.078027 72.667773 19.830957
72.756445 19.450537 72.763965 19.413184
72.794531 19.252100 72.802734 19.218750
73.005566 19.021094 72.976855 18.927197
72.943164 18.365625 72.972070 18.259277
73.239160 17.198535 73.337598 16.459863
73.732813 15.656934 73.832813 15.659375
73.800781 15.396973 73.884277 15.306445
74.280371 14.649512 74.335059 14.575439
74.498535 14.046338 74.608496 13.849658
74.802930 12.976855 74.868262 12.844580
75.314648 11.958447 75.422656 11.812207
75.922559 10.784082 76.096094 10.402246
76.222754 10.024268 76.248730 10.017969
76.372266 9.707373 76.343066 9.827344
76.403125 9.236816 76.419043 9.207812
76.617285 8.847070 76.966895 8.407275
77.770312 8.189844 78.060156 8.384570
78.421484 9.105029 78.979590 9.268555
79.107031 9.308936 79.019922 9.333350
78.996289 9.683105 79.257812 10.035205
79.588574 10.312354 79.667383 10.299707
79.835254 11.268848 79.799023 11.338672
79.771387 11.690234 79.858496 11.988770
80.342383 13.361328 80.290332 13.436719
80.265625 13.521289 80.306543 13.485059
80.111719 14.212207 80.136230 14.286572
80.053418 15.074023 80.101074 15.323633
80.781836 15.867334 80.825977 15.765918
80.993457 15.808740 81.030078 15.881445
81.711719 16.334473 81.761914 16.329492
82.359766 16.782812 82.350000 16.825195
82.593164 17.273926 82.976855 17.461816
84.104102 18.292676 84.181738 18.400586
84.770996 19.125391 85.225586 19.508350
85.180762 19.594873 85.162793 19.620898
85.559766 19.753467 85.511133 19.726904
86.279492 19.919434 86.302930 19.944678
86.376563 20.006738 86.445801 20.088916
86.835938 20.534326 86.924512 20.619775
86.859570 21.236719 86.954102 21.365332
87.948438 21.825439 88.050781 22.001074
87.961621 22.255029 87.941406 22.374316
88.099414 21.793555 88.056836 21.694141
88.305469 21.723340 88.445996 21.614258
88.659570 22.066943 88.708301 22.056152
88.712988 21.621973 88.745020 21.584375
88.967090 21.641357 89.051660 21.654102
89.051465 22.093164 89.081641 22.014941
89.353711 21.721094 89.451953 21.821094
89.547461 21.983691 89.566602 21.860596
89.811914 21.983496 89.852539 22.090918
89.893848 22.308398 89.894043 22.202588
90.209570 22.156592 90.087891 22.017480
90.230566 21.829785 90.288184 21.899414
90.616113 22.362158 90.595508 22.435840
90.480664 22.684668 90.435059 22.751904
90.466016 23.053906 90.527734 23.084961
90.391504 23.366943 90.269141 23.455859
90.573438 23.578125 90.604004 23.591357
90.656250 23.025488 90.826758 22.721387
91.409570 22.797021 91.480078 22.884814
91.797070 22.297461 91.845410 22.343115
91.913184 21.883057 92.008008 21.684766
92.307813 20.790430 92.324121 20.791846
92.732617 20.453369 92.708984 20.563965
92.871680 20.301758 92.843555 20.282617
93.018750 20.346045 93.035352 20.406152
93.040332 20.129785 93.001953 20.074854
93.250000 20.070117 93.362305 20.058301
93.659863 19.854150 93.611719 19.776074
93.839551 19.534131 93.887891 19.503906
93.824902 19.238477 93.728027 19.266504
93.705469 19.026904 93.800098 18.960596
93.941016 19.146094 94.001563 19.181787
94.091309 18.849219 94.245703 18.741162
94.494336 17.824609 94.560059 17.698975
94.452441 16.954492 94.400000 16.868164
94.223828 16.016455 94.299023 16.007617
94.665234 16.336133 94.679004 16.425586
94.680762 16.133301 94.651367 16.064844
94.860156 16.102441 94.893164 16.182812
94.942578 15.818262 95.078320 15.839160
95.364746 15.985449 95.307813 15.880420
95.555664 15.837842 95.679492 15.976758
96.042871 16.339941 96.080957 16.353369
96.237695 16.631250 96.189063 16.768311
96.364355 16.520508 96.431152 16.504932
96.858008 16.921191 96.908594 17.030957
96.970117 17.317334 97.074512 17.206934
97.267480 16.743115 97.331055 16.671777
97.725977 16.568555 97.664648 16.520459
97.710352 15.875537 97.774219 15.430957
97.869141 14.738721 97.936523 14.763916
97.998438 14.335303 98.100195 14.161523
98.200391 13.980176 98.238965 13.934473
98.575977 13.161914 98.595117 12.986035
98.624414 12.440723 98.678711 12.348486
98.663867 12.126709 98.686328 12.047119
98.636328 11.738379 98.693652 11.718359
98.741406 11.591699 98.746387 11.521289
98.675586 10.986914 98.598828 10.864404
98.523047 10.353125 98.496875 10.182520
98.561914 9.837500 98.492969 9.561426
98.226953 8.543652 98.238184 8.423096
98.499805 8.317822 98.579199 8.344287
98.973926 7.962793 99.051074 7.887842
99.300391 7.561328 99.358594 7.372217
99.602441 7.155322 99.667773 7.150879
100.158398 6.324219 100.263281 6.182520
100.614551 4.652246 100.614551 4.373437
100.757031 4.001807 100.715430 3.966211
101.299902 3.253271 101.330176 3.142480
101.519727 2.683643 101.781250 2.573584
102.896875 1.792334 103.356836 1.546143
103.694531 1.449658 103.816797 1.476562
104.016016 1.579297 104.076172 1.529785
104.250098 1.388574 104.280371 1.415576
103.812207 2.580469 103.537305 2.774756
103.453516 3.520605 103.373340 3.671094
103.453906 4.669482 103.415820 4.850293
102.790234 5.644922 102.534375 5.862549
101.614258 6.753955 101.497949 6.865283
100.792578 6.994678 100.701660 7.081982
100.204883 7.500537 100.160742 7.599268
100.279980 7.584326 100.283789 7.551514
100.545215 7.226904 100.503711 7.337305
100.158887 8.473779 100.154102 8.442969
99.904688 9.112891 99.877539 9.194629
99.335449 9.225439 99.253906 9.265234
99.169336 9.934180 99.194629 10.175439
99.486914 10.889551 99.514355 11.100586
99.837109 11.936621 99.930273 12.047461
100.089941 13.045654 100.051074 13.171240
100.536426 13.514453 100.602930 13.568164
100.926270 13.303027 100.946094 13.187256
100.953711 12.621240 101.090234 12.673633
101.944531 12.563672 102.034375 12.531885
102.259082 12.394336 102.343164 12.252588
102.654883 12.148828 102.762988 12.012451
102.932324 11.741699 102.948633 11.773486
103.091113 11.211084 103.106445 11.073779
103.466699 11.083984 103.532422 11.146680
103.592090 10.721045 103.540430 10.668701
103.870508 10.655127 103.901758 10.643945
104.594043 10.266895 104.612695 10.207666
104.965820 10.100586 105.027832 10.067432
104.987109 9.868652 104.903223 9.816260
104.770410 8.597656 104.891895 8.583252
105.500977 9.093213 106.168359 9.396729
105.830957 10.000732 105.925684 9.961719
106.572461 9.641113 106.564355 9.715625
106.557324 9.868066 106.595605 9.859863
106.785254 10.116455 106.785254 10.151172
106.643555 10.288916 106.757422 10.295801
106.643066 10.456250 106.605859 10.464941
106.947461 10.400342 106.966113 10.440723
107.087793 10.498340 107.194141 10.471582
107.564453 10.555469 107.845117 10.700098
108.418555 11.040723 108.551270 11.155957
109.039648 11.592676 109.132520 11.601074
109.167285 11.912012 109.199902 11.972461
109.259180 11.954541 109.256250 11.992871
109.274023 12.709033 109.335547 12.751904
109.376758 13.025488 109.309570 13.219189
109.247070 13.854736 109.288086 13.765039
109.191406 14.270459 109.137305 14.384131
108.898242 15.180518 108.821289 15.377930
108.395312 15.872461 108.286035 15.989063
108.169727 16.163672 108.087988 16.242725
107.833789 16.322461 107.803125 16.403076
107.355078 16.793750 107.180371 16.897949
106.370508 17.746875 106.355859 17.765039
106.239551 18.220703 106.144531 18.259424
105.808203 18.645850 105.744238 18.746289
105.791113 19.294189 105.785352 19.378857
106.165723 19.992041 106.395508 20.205908
106.737305 20.806152 106.675488 20.960498
106.886230 20.950000 106.936426 20.974072
107.164746 20.948730 107.354297 21.055176
107.636719 21.368066 107.707227 21.405859
108.145605 21.565186 108.246289 21.558398
108.444336 21.607324 108.502148 21.633447
108.479883 21.904639 108.593750 21.901025
108.743945 21.651270 108.771680 21.630469
109.133496 21.543604 109.098145 21.487354
109.435547 21.479492 109.544043 21.537939
109.743359 21.527979 109.759375 21.560059
109.760156 21.228369 109.681250 21.131641
109.767383 20.780713 109.805273 20.711475
109.983887 20.403271 109.931641 20.398877
110.344727 20.294824 110.449512 20.355420
110.313086 20.671680 110.326172 20.719922
110.154004 20.944629 110.193555 21.037646
110.434570 21.326904 110.458008 21.230566
110.878027 21.395947 110.996777 21.430273
111.220605 21.493896 111.319141 21.486133
111.775977 21.719238 111.824609 21.709766
112.117188 21.806494 112.193359 21.763135
112.359668 21.978027 112.396094 21.981348
112.586328 21.776855 112.634082 21.819873
112.903809 21.881445 112.953906 21.907324
113.266406 22.088770 113.327734 22.145410
113.576465 22.297266 113.588867 22.350488
113.432031 22.789404 113.344824 22.864600
113.445312 23.055078 113.519727 23.102100
113.619629 22.861426 113.661133 22.801660
114.006738 22.484033 113.896484 22.428174
114.267969 22.295557 114.287891 22.325293
114.291113 22.499463 114.266016 22.540967
114.554199 22.528906 114.544434 22.620605
114.750391 22.626318 114.853809 22.616797
115.195801 22.817285 115.289941 22.775977
115.640430 22.853418 115.755859 22.823926
116.222070 22.949561 116.251855 22.981348
116.586426 23.218262 116.669141 23.228174
116.759570 23.382520 116.860938 23.453076
117.225000 23.647021 117.290820 23.714355
117.462207 23.736230 117.459570 23.771484
117.628223 23.836719 117.667871 23.939258
118.050586 24.327148 118.024219 24.379639
117.935059 24.474219 118.005957 24.481982
118.412012 24.600732 118.560352 24.580371
118.636914 24.835547 118.707520 24.849805
118.977539 25.209277 119.024609 25.223438
119.146289 25.414307 119.180078 25.449805
119.592773 25.368018 119.622461 25.391162
119.648242 25.918701 119.618750 26.003564
119.263770 25.974805 119.139453 26.121777
119.567090 26.127344 119.692676 26.236426
119.831152 26.450195 119.784766 26.546631
119.588184 26.784961 119.651563 26.747266
119.815137 26.797607 119.821289 26.736914
120.042969 26.633838 120.086719 26.671582
120.468652 27.256250 120.539844 27.318359
120.661328 27.687891 120.685156 27.744580
120.812988 28.013379 120.892480 28.003906
121.145703 28.326660 121.216797 28.346191
121.602051 28.366602 121.538086 28.521094
121.662500 28.851416 121.540039 28.931885
121.447656 29.131348 121.487109 29.193164
121.853516 29.128906 121.917773 29.135010
121.690430 29.510986 121.506250 29.484570
122.017285 29.887695 121.944336 29.894092
121.258008 30.304102 121.159375 30.301758
120.260547 30.263037 120.228516 30.249561
120.629980 30.390869 120.821484 30.354639
121.418945 30.789795 121.527539 30.840967
121.785937 31.162891 121.660645 31.319727
120.787793 31.819775 120.752246 31.922852
120.035937 31.936279 120.073926 31.960254
120.791699 32.031738 120.973535 31.869385
121.763574 31.699512 121.866309 31.703564
121.490527 32.121094 121.450781 32.153320
120.989941 32.567041 120.853223 32.661377
120.734473 33.236621 120.615625 33.490527
120.266699 34.274023 120.201465 34.325684
119.351367 34.749414 119.200977 34.748437
119.526465 35.358594 119.608398 35.469873
119.978711 35.740234 120.027441 35.799365
120.181445 36.017480 120.094141 36.118896
120.343457 36.189453 120.330273 36.110107
120.680957 36.168359 120.682227 36.340723
120.904980 36.485303 120.882617 36.538916
120.989941 36.597949 121.053809 36.611377
122.049512 36.970752 122.162402 36.958643
122.340918 36.832227 122.457031 36.915137
122.515527 37.137842 122.587305 37.181104
122.337695 37.405273 122.169141 37.456152
121.816406 37.456641 121.640234 37.460352
120.750000 37.833936 120.370117 37.701025
120.155859 37.495020 119.882910 37.350830
119.287402 37.138281 119.111816 37.201172
118.990820 37.641357 119.033496 37.661035
119.027539 37.904004 118.940039 38.042773
117.766699 38.311670 117.656055 38.424219
117.865723 39.191260 118.040918 39.226758
118.752441 39.160498 118.826465 39.172119
119.261328 39.560889 119.322363 39.661621
120.479102 40.230957 120.770703 40.589062
121.174512 40.901270 121.537109 40.878418
121.834863 40.974268 121.858789 40.842090
122.203320 40.396045 122.190918 40.358252
121.517383 39.844824 121.474219 39.754883
121.267480 39.544678 121.286328 39.519434
121.785449 39.400830 121.818457 39.386523
121.263281 38.960254 121.188281 38.946680
121.236328 38.766943 121.320117 38.808203
121.677246 39.003418 121.744824 39.009668
122.047656 39.093799 122.120898 39.151904
123.032227 39.673535 123.226562 39.686621
123.611230 39.840820 123.650879 39.881592
124.350000 40.011572 124.362109 40.004053
124.607617 39.716943 124.638281 39.615088
124.867871 39.701807 125.100098 39.590332
125.409668 39.288379 125.157324 38.871533
125.554492 38.686230 125.491797 38.676123
124.880566 38.341650 124.882715 38.294971
124.995020 38.077832 125.162598 38.093652
125.026758 37.922607 125.101953 37.882080
125.449316 37.730225 125.581543 37.815039
125.941699 37.873682 126.050293 37.869824
126.572754 37.796826 126.623242 37.790186
126.580176 37.653760 126.607617 37.617432
126.746387 37.193555 126.776074 37.158203
126.958008 36.906152 126.879102 36.862061
126.577734 37.019580 126.487012 37.007471
126.180859 36.691602 126.230664 36.689258
126.548242 36.477637 126.551953 36.429688
126.682324 36.037939 126.693457 36.014160
126.753027 35.871973 126.717383 35.768848
126.564941 35.589746 126.614062 35.570996
126.360547 35.216895 126.291113 35.154150
126.547949 34.836768 126.593359 34.824365
126.425586 34.694580 126.301074 34.719971
126.508301 34.350635 126.531445 34.314258
126.826270 34.451074 126.897461 34.438867
127.194922 34.605029 127.173438 34.546143
127.423438 34.688477 127.389648 34.743018
127.565430 34.765918 127.632422 34.690234
127.659082 34.926367 127.714844 34.954687
128.152344 34.915869 128.275977 34.910986
128.458105 35.069434 128.510938 35.100977
129.214160 35.181836 129.329004 35.332764
129.509766 36.037598 129.458301 36.006445
129.392578 36.322705 129.427148 36.385498
129.418262 37.059033 129.335156 37.274561
128.329492 38.680908 128.249414 38.745215
127.786133 39.084131 127.698926 39.125049
127.422266 39.373584 127.457422 39.400977
127.568164 39.781982 127.867090 39.895947
128.511230 40.130225 128.610742 40.197900
129.245117 40.661035 129.341113 40.726318
129.758984 41.391504 129.682422 41.494336
130.007324 41.991162 130.068262 42.045752
130.569238 42.291699 130.636523 42.274854
130.756152 42.673291 130.945703 42.633936
131.292480 42.772119 131.393262 42.822314
131.976270 43.296045 132.013086 43.280029
132.233203 43.245068 132.309570 43.313525
132.708984 42.875830 132.863574 42.793750
133.329492 42.763867 133.586719 42.828223
134.916992 43.426562 135.131055 43.525732
135.874609 44.373535 135.987012 44.439844
136.604102 44.978174 136.737207 45.080029
137.769141 45.928516 138.106348 46.250732
138.500488 46.889844 138.529688 46.976221
139.520508 47.975293 139.676270 48.089893
140.224219 48.772852 140.378320 48.964111
140.364355 49.220850 140.399121 49.289795
140.462695 49.911475 140.584570 50.033350
140.476367 50.545996 140.520898 50.800195
140.932617 51.619922 141.129395 51.727783
141.409082 52.234326 141.329688 52.271143
141.255859 52.840137 141.086816 52.897559
141.181250 53.015283 141.327930 53.097266
141.005664 53.494580 140.687598 53.596436
139.795508 54.256445 139.707422 54.277148
138.715918 54.222656 138.704688 54.147656
138.450684 53.537012 138.320312 53.522900
138.568164 53.947168 138.527930 53.959863
137.738184 53.560303 137.328320 53.538965
137.644824 53.865820 137.786133 53.903320
137.403418 54.123535 137.451270 54.130469
137.377734 54.282324 137.141602 54.182227
137.018750 53.848145 136.886426 53.839355
136.770410 54.353320 136.820410 54.452344
136.237988 54.614062 135.851562 54.583936
135.234766 54.903223 135.262500 54.943311
136.460254 55.576709 136.793555 55.694189
137.691504 56.139355 138.073828 56.433105
138.965723 57.088135 139.181641 57.261523
139.861523 57.549316 140.002344 57.687500
140.790234 58.303467 140.987695 58.416846
142.330371 59.152637 142.580273 59.240137
144.483398 59.376270 145.554590 59.413525
146.273438 59.221484 146.444336 59.430469
147.687891 59.290674 147.874609 59.388037
148.964648 59.369141 148.889648 59.400000
149.133008 59.480518 149.204980 59.488184
149.424512 59.760986 149.642578 59.770410
150.539844 59.524951 150.483594 59.494385
150.863281 59.475439 150.911914 59.523047
151.485742 59.524121 151.798047 59.323242
151.990039 59.160059 151.733496 59.146680
152.087891 58.910449 152.165234 58.997021
152.882227 58.939062 153.077734 59.081885
153.891699 59.114160 154.010938 59.075537
154.823730 59.187549 155.016699 59.195605
154.582520 59.540088 154.357617 59.481445
154.268848 59.658398 154.266602 59.730371
154.578223 60.095020 154.970801 60.376660
156.344141 61.155078 156.482617 61.206006
157.084180 61.675684 157.370703 61.747070
158.333691 61.825684 158.547168 61.810889
159.423047 61.808057 159.496289 61.781445
160.309375 61.894385 160.321484 61.838574
159.883105 61.291797 159.913965 61.234473
160.004004 61.007422 160.184277 61.047656
160.177344 60.690723 160.173633 60.638428
160.766602 60.753320 160.915039 60.892676
162.607617 61.650049 162.699023 61.652588
162.993945 61.544189 163.047266 61.554053
163.207617 61.736572 163.009277 61.791504
163.213281 62.313428 163.258008 62.336914
164.255664 62.696582 164.418359 62.704639
165.417383 62.447070 165.280371 62.462988
164.887695 62.431885 164.670703 62.473779
164.067969 61.873877 164.019531 61.710693
163.972754 61.419873 163.992090 61.388232
163.553516 61.025635 163.709961 60.916797
162.713184 60.659473 162.266309 60.536719
161.449316 60.027344 161.218945 59.845605
159.847363 59.127148 159.591504 58.803662
158.687012 58.281348 158.449414 58.162842
157.666406 58.019775 157.450391 57.799268
156.791602 57.747949 156.899902 57.676904
156.728418 57.152246 156.529297 57.021191
155.716602 56.072217 155.643457 55.793555
155.904883 53.928125 155.950195 53.744287
156.364746 52.509375 156.377344 52.366553
156.670801 51.226855 156.713477 51.124121
157.489844 51.408936 157.530957 51.479883
158.463477 52.304980 158.493164 52.383154
158.560156 52.922168 158.432324 52.957422
158.745410 52.908936 158.952051 53.047559
160.025098 53.129590 160.002148 53.274902
159.914258 53.620850 159.870898 53.672656
160.288867 54.288232 160.517188 54.430859
161.624805 54.516260 161.725684 54.532959
161.824219 55.138916 161.784961 55.205322
162.084961 56.089648 162.146094 56.128271
162.589063 56.454932 162.671484 56.490088
162.893262 56.399463 162.713184 56.330859
163.189258 56.137012 163.261328 56.173730
163.165430 56.725488 163.046387 56.741309
162.791113 56.875391 162.814844 57.023389
162.957031 57.477490 163.108789 57.564844
162.718359 57.946094 162.654297 57.948242
162.411426 57.778369 162.197461 57.829150
162.049219 58.272852 162.141602 58.447412
162.969824 58.986475 163.004297 59.020166
163.272852 59.302588 163.269043 59.520020
163.574316 59.914062 163.690039 59.978418
164.135059 59.984375 164.113281 59.897559
164.525293 60.061279 164.669727 59.997461
165.073633 59.945605 165.084570 60.098584
165.941992 60.356885 166.180176 60.480371
166.168359 60.088818 166.136035 59.979346
166.452539 59.947021 166.964063 60.307031
168.462793 60.592236 168.670313 60.562891
169.814746 60.265381 169.854297 60.250244
170.154102 59.986084 170.350977 59.965527
170.589746 60.393701 170.608203 60.434912
171.729492 60.843115 171.830566 60.837354
172.392773 61.061768 172.362402 61.116602
172.690039 61.295166 172.730664 61.314404
172.806836 61.436133 172.856543 61.469189
173.822363 61.679395 174.138867 61.795166
174.797559 61.938867 175.192383 62.034424
176.328418 62.346045 176.436523 62.410840
177.008008 62.626562 176.964746 62.658643
177.172656 62.750342 177.258691 62.750439
177.315820 62.685254 177.295898 62.644482
178.963867 62.355273 179.044629 62.323682
179.477246 62.613086 179.570508 62.687500
179.259570 63.008301 179.329004 63.057910
178.921484 63.345020 178.918555 63.400244
178.678711 63.402295 178.668848 63.439941
178.625977 63.650732 178.681348 63.650732
178.451367 64.011377 178.474805 64.089014
178.163965 64.309082 178.130566 64.235254
177.432910 64.444482 177.409863 64.572803
176.842871 64.633789 176.730957 64.624854
176.350977 64.705127 176.300879 64.783838
175.858594 64.825293 175.677930 64.782471
175.097754 64.776855 175.396484 64.783691
176.831055 64.849219 177.068750 64.786670
176.940039 65.016016 176.645508 65.007178
176.880859 65.081934 177.179199 65.014111
178.285352 64.672266 178.519531 64.602979
179.827344 65.034180 180.000000 65.067236
