# Orthogonal joint set pattern
# Simulates systematic jointing in sedimentary rocks
# Number of joint sets: 2
# Joint spacing: 1.0
# Domain: [0, 10.0] × [0, 10.0]
# Expected dimension: ~1.0 (regular pattern)
# Format: x1 y1 x2 y2
#
0.536012 5.000000 9.463988 5.000000
0.802683 5.000000 9.197317 5.000000
1.883833 5.000000 8.116167 5.000000
0.267648 5.000000 9.732352 5.000000
1.958831 5.000000 8.041169 5.000000
0.060180 5.000000 9.939820 5.000000
1.636350 5.000000 8.363650 5.000000
1.633191 5.000000 8.366809 5.000000
1.136110 5.000000 8.863890 5.000000
1.417542 5.000000 8.582458 5.000000
1.415711 5.000000 8.584289 5.000000
1.267276 5.000000 8.732724 5.000000
1.600652 5.000000 8.399348 5.000000
0.971531 5.000000 9.028469 5.000000
0.784910 5.000000 9.215090 5.000000
5.000000 1.658952 5.000000 8.341048
5.000000 0.631534 5.000000 9.368466
5.000000 1.119695 5.000000 8.880305
5.000000 1.931223 5.000000 8.068777
5.000000 0.181359 5.000000 9.818641
5.000000 1.376578 5.000000 8.623422
5.000000 0.959864 5.000000 9.040136
5.000000 0.060831 5.000000 9.939169
5.000000 0.449734 5.000000 9.550266
5.000000 1.823015 5.000000 8.176985
5.000000 1.608034 5.000000 8.391966
5.000000 1.222645 5.000000 8.777355
5.000000 1.457302 5.000000 8.542698
5.000000 1.438131 5.000000 8.561869
5.000000 0.914608 5.000000 9.085392
