0.0 0.0 1.0 0.0
1.0 0.0 1.5 0.8660254037844386
1.5 0.8660254037844386 2.0 0.0
2.0 0.0 3.0 0.0
3.0 0.0 3.5 0.8660254037844386
3.5 0.8660254037844386 3.0 1.7320508075688772
3.0 1.7320508075688772 4.0 1.7320508075688772
4.0 1.7320508075688772 4.5 2.598076211353316
4.5 2.598076211353316 5.0 1.7320508075688774
5.0 1.7320508075688774 6.0 1.7320508075688774
6.0 1.7320508075688774 5.5 0.8660254037844387
5.5 0.8660254037844387 6.0 1.1102230246251565e-16
6.0 1.1102230246251565e-16 7.0 1.1102230246251565e-16
7.0 1.1102230246251565e-16 7.5 0.8660254037844387
7.5 0.8660254037844387 8.0 1.1102230246251565e-16
8.0 1.1102230246251565e-16 9.0 1.1102230246251565e-16
9.0 1.1102230246251565e-16 9.5 0.8660254037844387
9.5 0.8660254037844387 9.0 1.7320508075688774
9.0 1.7320508075688774 10.0 1.7320508075688774
10.0 1.7320508075688774 10.5 2.598076211353316
10.5 2.598076211353316 10.0 3.464101615137755
10.0 3.464101615137755 9.0 3.464101615137755
9.0 3.464101615137755 9.5 4.330127018922194
9.5 4.330127018922194 9.0 5.196152422706632
9.0 5.196152422706632 10.0 5.196152422706632
10.0 5.196152422706632 10.5 6.062177826491071
10.5 6.062177826491071 11.0 5.196152422706633
11.0 5.196152422706633 12.0 5.196152422706634
12.0 5.196152422706634 12.5 6.062177826491073
12.5 6.062177826491073 12.0 6.928203230275511
12.0 6.928203230275511 13.0 6.928203230275512
13.0 6.928203230275512 13.5 7.794228634059952
13.5 7.794228634059952 14.0 6.928203230275513
14.0 6.928203230275513 15.0 6.928203230275514
15.0 6.928203230275514 14.5 6.062177826491075
14.5 6.062177826491075 15.0 5.1961524227066365
15.0 5.1961524227066365 16.0 5.196152422706637
16.0 5.196152422706637 16.5 6.062177826491077
16.5 6.062177826491077 17.0 5.196152422706638
17.0 5.196152422706638 18.0 5.196152422706639
18.0 5.196152422706639 17.5 4.3301270189222
17.5 4.3301270189222 18.0 3.4641016151377615
18.0 3.4641016151377615 17.0 3.4641016151377606
17.0 3.4641016151377606 16.5 2.598076211353322
16.5 2.598076211353322 17.0 1.7320508075688834
17.0 1.7320508075688834 18.0 1.7320508075688839
18.0 1.7320508075688839 17.5 0.8660254037844449
17.5 0.8660254037844449 18.0 6.5503158452884236e-15
18.0 6.5503158452884236e-15 19.0 6.994405055138486e-15
19.0 6.994405055138486e-15 19.5 0.8660254037844458
19.5 0.8660254037844458 20.0 7.438494264988549e-15
20.0 7.438494264988549e-15 21.0 7.882583474838611e-15
21.0 7.882583474838611e-15 21.5 0.8660254037844467
21.5 0.8660254037844467 21.0 1.7320508075688852
21.0 1.7320508075688852 22.0 1.7320508075688856
22.0 1.7320508075688856 22.5 2.5980762113533244
22.5 2.5980762113533244 23.0 1.732050807568886
23.0 1.732050807568886 24.0 1.7320508075688865
24.0 1.7320508075688865 23.5 0.8660254037844476
23.5 0.8660254037844476 24.0 9.2148511043888e-15
24.0 9.2148511043888e-15 25.0 9.658940314238862e-15
25.0 9.658940314238862e-15 25.5 0.8660254037844485
25.5 0.8660254037844485 26.0 1.0103029524088925e-14
26.0 1.0103029524088925e-14 27.0 1.0547118733938987e-14
